2 0.31223958333333335 0.9291666666666667 0.0453125 0.14166666666666666
2 0.28933854166666667 0.9930555555555556 0.019296874999999998 0.013888888888888888
2 0.49552604166666664 0.6748518518518519 0.05042708333333333 0.18282407407407406
2 0.5826927083333333 0.6364074074074074 0.037265625 0.1783611111111111
2 0.38128645833333336 0.6921574074074074 0.04173958333333334 0.16764814814814816
2 0.32134375 0.5387500000000001 0.04668229166666667 0.15899074074074074
2 0.3783125 0.5606851851851852 0.037869791666666666 0.14358333333333334
2 0.44127083333333333 0.4128148148148148 0.040875 0.14785185185185185
2 0.4015052083333333 0.38083333333333336 0.03738020833333333 0.13202777777777777
2 0.15204166666666669 0.35885185185185187 0.03950520833333333 0.12880555555555556
1 0.7713697916666666 0.46071296296296294 0.07288020833333334 0.05636111111111111
0 0.21196354166666667 0.22199074074074074 0.01246875 0.02175925925925926