2 0.16141145833333334 0.6217685185185186 0.043656249999999994 0.1694537037037037
2 0.025848958333333335 0.37843518518518515 0.03893229166666667 0.13201851851851854
2 0.19065625 0.38237037037037036 0.03547395833333333 0.1314074074074074
2 0.094484375 0.28649074074074077 0.022302083333333333 0.11002777777777778
2 0.3881614583333333 0.45364814814814813 0.03569791666666667 0.12766666666666665
2 0.48816666666666664 0.4151944444444445 0.029609375 0.1285462962962963
2 0.5837864583333333 0.4060648148148148 0.03423958333333333 0.11952777777777777
2 0.52109375 0.37659259259259265 0.02969270833333333 0.12169444444444445
2 0.35815625 0.33524074074074073 0.039942708333333334 0.11285185185185184
2 0.32984375 0.34405555555555556 0.03260416666666667 0.09893518518518518
2 0.3224739583333333 0.3091111111111111 0.031401041666666664 0.0922962962962963
2 0.35174479166666667 0.3118611111111111 0.0485 0.09778703703703703
2 0.3301354166666667 0.31421296296296297 0.0269375 0.08953703703703704
0 0.3277552083333333 0.3508148148148148 0.00759375 0.018305555555555554
1 0.7105104166666667 0.3769722222222222 0.03352083333333333 0.10765740740740741