0 0.4451953125 0.3013611111111111 0.00980859375 0.017409722222222222
1 0.199359375 0.3497986111111111 0.0226015625 0.08054166666666666
3 0.26734765625 0.20969444444444443 0.017953125 0.058284722222222224
3 0.731734375 0.13667361111111112 0.020390625000000002 0.05509722222222223
3 0.47368359375 0.5558125 0.034421875000000005 0.09377083333333333
2 0.39523046875 0.5601319444444445 0.028187499999999997 0.09447222222222222
2 0.382578125 0.3897152777777778 0.026320312499999998 0.07704861111111111
2 0.44957812500000005 0.3893611111111111 0.0353203125 0.07236805555555555
2 0.47673046875 0.4419236111111111 0.034261718749999996 0.08226388888888889
2 0.4203984375 0.9429583333333332 0.029410156250000003 0.11409027777777778
2 0.57296875 0.6483749999999999 0.022050781250000002 0.10428472222222221
2 0.6095234375 0.5967986111111111 0.026488281250000002 0.09042361111111112
2 0.70771875 0.48486805555555557 0.02094921875 0.09076388888888888
2 0.85400390625 0.5971458333333334 0.0260859375 0.10104166666666667
2 0.923453125 0.5584861111111111 0.02251171875 0.099125
2 0.7950781250000001 0.45743750000000005 0.02256640625 0.08948611111111113
2 0.7893945312499999 0.31625 0.0218671875 0.07496527777777778
2 0.6189648437499999 0.26627083333333335 0.03033984375 0.07619444444444444
2 0.67923828125 0.4315833333333333 0.03146484375 0.0794375