3 0.38221354166666666 0.17084259259259257 0.02276041666666667 0.08241666666666667
0 0.3316145833333334 0.9169907407407407 0.016354166666666666 0.03212962962962963
2 0.2953125 0.8637037037037036 0.047921875 0.17000925925925928
2 0.32726041666666666 0.6483796296296296 0.03889583333333334 0.12452777777777779
2 0.8670989583333333 0.9495370370370371 0.04357291666666666 0.10092592592592593
2 0.967421875 0.7622222222222222 0.042234375000000005 0.14682407407407408
2 0.5853229166666666 0.40228703703703705 0.03209895833333334 0.09902777777777778
2 0.869265625 0.5015185185185185 0.06040104166666667 0.08955555555555555
2 0.8832447916666666 0.4313148148148148 0.037682291666666666 0.09412037037037038
2 0.7000104166666666 0.32502777777777775 0.0260625 0.10189814814814814
2 0.7632708333333333 0.24437037037037038 0.028630208333333334 0.08874074074074075
2 0.6974010416666666 0.20900925925925926 0.021890625 0.09024074074074073
2 0.6221093750000001 0.12124999999999998 0.024348958333333334 0.08419444444444445
2 0.5633333333333332 0.07352777777777778 0.015421875 0.07898148148148147
2 0.5268437499999999 0.06137962962962964 0.01634375 0.07210185185185186
2 0.48407291666666663 0.28891666666666665 0.026973958333333332 0.10452777777777778
2 0.4237604166666667 0.15919444444444444 0.022609374999999998 0.08885185185185185
2 0.2572291666666667 0.02335185185185185 0.019791666666666666 0.04669444444444444
2 0.2548020833333334 0.29823148148148143 0.026223958333333335 0.10478703703703704
2 0.18941145833333334 0.2067962962962963 0.020874999999999998 0.09540740740740741
2 0.03357291666666666 0.1067962962962963 0.022125 0.08875