0 0.6537083333333332 0.2584351851851852 0.009250000000000001 0.02201851851851852
2 0.4556302083333333 0.6780925925925926 0.03457291666666666 0.1512222222222222
2 0.21767708333333333 0.5485740740740741 0.04368229166666667 0.13418518518518519
2 0.12224479166666667 0.4487962962962963 0.038843749999999996 0.14129629629629628
2 0.055125 0.33220370370370367 0.034208333333333334 0.12181481481481482
2 0.36827604166666666 0.40625925925925926 0.029078125 0.12267592592592594
2 0.6019062500000001 0.40585185185185185 0.027432291666666667 0.12347222222222222
2 0.5082708333333333 0.38910185185185187 0.029296875 0.1207962962962963
2 0.48535416666666664 0.40037962962962964 0.04363020833333333 0.13964814814814813
2 0.3625833333333333 0.32049074074074074 0.03245833333333333 0.13171296296296298
2 0.40907812499999996 0.3834814814814815 0.06309375 0.051555555555555556
2 0.40700520833333337 0.3657037037037037 0.04016145833333333 0.11858333333333333
1 0.5953697916666666 0.35868518518518516 0.03449479166666667 0.11551851851851852