1 0.77359375 0.359287037037037 0.03364583333333333 0.15930555555555556
2 0.37947395833333336 0.4615740740740741 0.027510416666666666 0.1305462962962963
2 0.18965625 0.5966296296296296 0.04284895833333333 0.16548148148148148
2 0.17365104166666667 0.3815740740740741 0.022484375 0.12944444444444445
2 0.10588020833333332 0.36325 0.027390625000000002 0.12280555555555556
2 0.28827604166666665 0.3358703703703704 0.03071875 0.11062962962962963
2 0.11628124999999999 0.2995092592592593 0.03202083333333333 0.11383333333333333
2 0.461640625 0.4104814814814815 0.026713541666666667 0.12903703703703706
2 0.6914583333333333 0.45478703703703705 0.042083333333333334 0.13672222222222222
2 0.5579635416666666 0.4105462962962963 0.02946875 0.1340648148148148
2 0.474125 0.38260185185185186 0.034041666666666665 0.11628703703703704
2 0.445234375 0.3498055555555556 0.025885416666666668 0.1273888888888889
2 0.39410416666666664 0.34930555555555554 0.043041666666666666 0.06806481481481481
2 0.34322916666666664 0.31762962962962965 0.029166666666666667 0.11488888888888889
2 0.363046875 0.32358333333333333 0.029119791666666665 0.10839814814814815
2 0.7825572916666667 0.4444722222222222 0.038036458333333335 0.12771296296296297