1 0.6968489583333334 0.3505740740740741 0.034671875 0.0914537037037037
2 0.273046875 0.40022222222222226 0.0310625 0.09935185185185184
2 0.36436979166666666 0.39220370370370367 0.03529166666666667 0.11600925925925927
2 0.3181041666666667 0.607574074074074 0.041124999999999995 0.12633333333333333
2 0.438203125 0.5873888888888888 0.032484374999999996 0.12713888888888888
2 0.15438020833333335 0.4451203703703704 0.047802083333333335 0.12338888888888888
2 0.13668229166666668 0.29775 0.03569791666666667 0.09942592592592592
2 0.5043854166666667 0.4593425925925926 0.041921875 0.12667592592592594
2 0.750765625 0.6310925925925926 0.03891666666666667 0.12092592592592592
2 0.3060677083333333 0.34455555555555556 0.036723958333333334 0.10602777777777778
2 0.7049322916666667 0.5970648148148149 0.04116666666666667 0.11216666666666666
0 0.7426406249999999 0.6739351851851852 0.010338541666666668 0.02013888888888889