2 0.3850520833333333 0.33162037037037034 0.023395833333333334 0.09433333333333332
2 0.3324635416666667 0.5060370370370371 0.037187500000000005 0.1248425925925926
2 0.4700625 0.38250925925925927 0.028968749999999998 0.10383333333333333
2 0.669234375 0.43483333333333335 0.02802083333333333 0.11725925925925926
2 0.32669791666666664 0.37612962962962965 0.03253645833333333 0.10721296296296297
2 0.5799166666666667 0.39390740740740743 0.028958333333333332 0.10736111111111112
2 0.45522916666666663 0.5501203703703703 0.037640625 0.1157037037037037
2 0.49778125 0.5301944444444444 0.04896875 0.09722222222222222
2 0.6198697916666667 0.5060370370370371 0.029510416666666664 0.12138888888888888
2 0.067609375 0.35983333333333334 0.02475 0.11005555555555556
2 0.283125 0.5457777777777778 0.026875 0.13787037037037037
2 0.36826562500000004 0.4074074074074074 0.02323958333333333 0.11021296296296297
2 0.5292135416666667 0.43842592592592594 0.02177604166666667 0.09773148148148147
1 0.80859375 0.32203703703703707 0.027208333333333334 0.07937037037037037
2 0.7950520833333333 0.6685 0.031484375 0.13924074074074075
2 0.07362500000000001 0.616 0.03268229166666667 0.14399074074074072
2 0.31283854166666664 0.30114814814814816 0.0266875 0.09731481481481481
2 0.201 0.5061851851851852 0.02811458333333333 0.1233425925925926
2 0.7518333333333334 0.5559074074074074 0.037989583333333334 0.12042592592592592
0 0.478390625 0.6036388888888888 0.011526041666666665 0.01925
0 0.7207604166666666 0.26172222222222224 0.006973958333333334 0.012907407407407407
3 0.19633854166666667 0.42148148148148146 0.018359375 0.10984259259259259