2 0.16373437500000002 0.6248611111111111 0.028369791666666665 0.13949074074074075
2 0.41503125 0.43560185185185185 0.025947916666666668 0.10936111111111112
2 0.3534322916666667 0.46848148148148144 0.026203125 0.11406481481481481
2 0.6862291666666667 0.4158888888888889 0.034479166666666665 0.10562037037037036
2 0.5838333333333333 0.5224629629629629 0.027765625000000002 0.11741666666666667
2 0.763828125 0.604175925925926 0.03380729166666666 0.1295462962962963
2 0.34483854166666666 0.3203981481481481 0.02271875 0.09069444444444445
2 0.5332239583333334 0.8084444444444444 0.04286979166666667 0.16083333333333333
2 0.7965104166666667 0.493925925925926 0.026588541666666667 0.11947222222222223
2 0.6044531249999999 0.7518055555555556 0.034458333333333334 0.1351111111111111
2 0.4130520833333333 0.3030462962962963 0.015338541666666667 0.08757407407407407
2 0.485640625 0.4098333333333333 0.02392708333333333 0.11086111111111112
2 0.48623437500000005 0.33916666666666667 0.02745833333333333 0.11037037037037037
2 0.7197239583333332 0.5063518518518518 0.024328125 0.12142592592592591
2 0.19057812500000001 0.31510185185185186 0.018869791666666667 0.09272222222222222
3 0.16657291666666665 0.42694444444444446 0.026078125 0.11551851851851852
2 0.5933489583333333 0.7065740740740741 0.027015624999999998 0.13558333333333333
0 0.20461458333333335 0.35050925925925924 0.007760416666666667 0.014694444444444444
2 0.2536927083333333 0.9420277777777778 0.045359375 0.11595370370370371