2 0.7107291666666666 0.5139074074074074 0.030385416666666668 0.11810185185185185
2 0.3084322916666667 0.3229166666666667 0.030270833333333334 0.11296296296296296
2 0.25676041666666666 0.4608333333333333 0.03374479166666667 0.13068518518518518
1 0.7407239583333334 0.34085185185185185 0.031968750000000004 0.11712037037037036
2 0.37289062500000003 0.35103703703703704 0.03179166666666667 0.11041666666666666
2 0.4681979166666667 0.3978703703703704 0.03209895833333334 0.11644444444444445
2 0.77665625 0.7235277777777778 0.05030208333333333 0.15715740740740738
2 0.615015625 0.39755555555555555 0.02804166666666667 0.1140462962962963
2 0.6610625 0.47958333333333336 0.05025 0.07410185185185185
2 0.18409375 0.403 0.026713541666666667 0.12201851851851853
2 0.22577604166666668 0.533037037037037 0.029161458333333334 0.11742592592592592
2 0.34779166666666667 0.4884907407407408 0.04149479166666667 0.1360648148148148
3 0.1595208333333333 0.5147037037037037 0.030484375 0.12731481481481483
2 0.5762708333333334 0.481425925925926 0.040526041666666665 0.12222222222222222
2 0.3734635416666666 0.4939166666666666 0.036656249999999994 0.12272222222222222
0 0.3351770833333333 0.34496296296296297 0.010760416666666666 0.025305555555555553
2 0.5816354166666666 0.5223333333333333 0.03492708333333334 0.1292222222222222
0 0.6586927083333334 0.2934259259259259 0.008567708333333333 0.01715740740740741