1 0.8485416666666666 0.2672314814814815 0.03338541666666666 0.09037962962962963
2 0.6327083333333333 0.38484259259259257 0.03340625 0.10467592592592592
2 0.3039270833333333 0.34090740740740744 0.02975 0.10073148148148149
2 0.7064374999999999 0.8391944444444445 0.04710416666666666 0.14988888888888888
2 0.7194427083333333 0.6164166666666667 0.045182291666666666 0.12461111111111112
2 0.5262239583333334 0.48072222222222216 0.02675 0.09557407407407408
2 0.4285 0.2930185185185185 0.029333333333333333 0.09466666666666666
2 0.14580208333333333 0.2045925925925926 0.022510416666666665 0.08088888888888889
2 0.468421875 0.2875 0.03349479166666667 0.10324074074074074
2 0.5963802083333333 0.5371944444444444 0.044744791666666665 0.10188888888888889
2 0.5154375 0.5469537037037038 0.029249999999999998 0.09795370370370371
2 0.046640625 0.5071018518518519 0.027822916666666666 0.11900925925925926
2 0.349953125 0.24029629629629629 0.02371875 0.08933333333333333
2 0.3859583333333333 0.24292592592592593 0.021213541666666665 0.08524999999999999
2 0.012802083333333332 0.1504537037037037 0.02136979166666667 0.08850925925925926
2 0.29159375 0.28175925925925926 0.030348958333333335 0.09267592592592593
0 0.7002760416666667 0.8328148148148149 0.012723958333333334 0.02965740740740741