2 0.4750416666666667 0.5904537037037038 0.028453125000000003 0.12835185185185186
2 0.53225 0.5038518518518518 0.032203125 0.11022222222222222
2 0.5791145833333334 0.5941481481481481 0.033296875 0.1179074074074074
2 0.4351979166666667 0.487925925925926 0.027593749999999997 0.0982962962962963
2 0.6538385416666667 0.8434907407407408 0.03675520833333333 0.1481574074074074
2 0.7001927083333332 0.695925925925926 0.033671875000000004 0.13953703703703701
2 0.27728125 0.7963055555555556 0.026776041666666663 0.1572037037037037
1 0.6593854166666666 0.4000833333333333 0.027244791666666667 0.09271296296296296
2 0.31021875 0.3739722222222222 0.024687499999999998 0.06619444444444444
2 0.43525520833333337 0.4142037037037037 0.026078125 0.09043518518518519
2 0.3134635416666667 0.7998333333333334 0.03006770833333333 0.15521296296296297
3 0.022104166666666664 0.5080277777777777 0.025151041666666665 0.12194444444444444
2 0.35903645833333336 0.44123148148148145 0.025171875 0.10566666666666667
2 0.49023958333333334 0.44789814814814816 0.026411458333333335 0.08834259259259258
2 0.47536458333333337 0.43145370370370373 0.024979166666666667 0.09952777777777777
2 0.4751666666666667 0.4686296296296296 0.0204375 0.09489814814814815
0 0.32052604166666665 0.3330092592592592 0.008963541666666667 0.016842592592592593
2 0.3533072916666667 0.4474814814814815 0.024302083333333332 0.08552777777777779