2 0.4287604166666667 0.4338611111111111 0.03742708333333333 0.12323148148148148
2 0.39896354166666664 0.3565648148148148 0.028369791666666665 0.12553703703703706
2 0.02403125 0.1678611111111111 0.027807291666666668 0.09564814814814815
1 0.8398385416666667 0.38001851851851853 0.030026041666666666 0.12200925925925928
2 0.2669479166666667 0.44799074074074074 0.030505208333333332 0.13199074074074074
2 0.6358385416666666 0.48363888888888895 0.029578125 0.1438611111111111
2 0.0458125 0.5225277777777778 0.03208333333333333 0.14044444444444446
2 0.3834739583333333 0.6911666666666667 0.048921875000000004 0.14543518518518517
3 0.09941666666666667 0.36324074074074075 0.031223958333333336 0.12743518518518518
2 0.49250520833333333 0.4033703703703704 0.028869791666666665 0.1311203703703704
2 0.132921875 0.35478703703703707 0.028302083333333335 0.11394444444444445
2 0.3188333333333333 0.5124444444444445 0.03676041666666666 0.13912037037037037
2 0.29581250000000003 0.5113703703703704 0.028822916666666667 0.13274074074074074
2 0.568484375 0.5010277777777777 0.032328125 0.1323425925925926
2 0.588640625 0.435037037037037 0.0331875 0.13165740740740742
2 0.5723020833333333 0.4231574074074074 0.040375 0.14464814814814814
2 0.5226822916666667 0.4102685185185185 0.021484375 0.12487962962962963
0 0.41868229166666665 0.7350925925925925 0.012765625000000001 0.027953703703703706
2 0.5106979166666666 0.37598148148148147 0.032453125 0.12986111111111112
2 0.5225989583333334 0.3802685185185185 0.02664583333333333 0.12417592592592594
2 0.5666302083333333 0.4419259259259259 0.039359374999999995 0.12806481481481483