2 0.8304322916666667 0.7303611111111111 0.04468229166666667 0.16410185185185183
2 0.38419791666666664 0.4190555555555555 0.028770833333333336 0.11341666666666667
2 0.13656770833333332 0.3669907407407408 0.04138541666666666 0.10708333333333334
2 0.54425 0.6193148148148149 0.0523125 0.1266388888888889
2 0.6990208333333333 0.45890740740740743 0.028479166666666667 0.13803703703703704
2 0.460890625 0.5653611111111111 0.039885416666666666 0.14700925925925926
2 0.6514791666666666 0.2975555555555556 0.028473958333333334 0.11419444444444445
2 0.6452395833333333 0.8502222222222222 0.03886979166666667 0.17587037037037037
1 0.8785260416666667 0.1772314814814815 0.029276041666666665 0.09010185185185185
2 0.4735 0.2629722222222222 0.0384375 0.09201851851851851
2 0.5282083333333333 0.2713148148148148 0.031447916666666666 0.09402777777777778
0 0.560078125 0.3562314814814815 0.012078125 0.020333333333333335