1 0.195953125 0.39787500000000003 0.02472265625 0.07551388888888888
0 0.5898203125 0.4753055555555556 0.01558203125 0.027993055555555556
3 0.8784609375000001 0.5080069444444444 0.038171875 0.08545138888888888
3 0.3081796875 0.295375 0.0181484375 0.06892361111111112
2 0.8447148437499999 0.20611805555555557 0.028718749999999998 0.06699305555555556
2 0.43269140625 0.7870624999999999 0.03031640625 0.10035416666666666
2 0.4741171875 0.6130902777777778 0.024625 0.09347222222222222
2 0.68187109375 0.6287847222222223 0.02694140625 0.10602083333333333
2 0.7104140625 0.5281458333333333 0.034546875 0.0794375
2 0.728609375 0.5038750000000001 0.02020703125 0.08490277777777779
2 0.68848046875 0.3806111111111111 0.02192578125 0.079125
2 0.64644921875 0.38257638888888884 0.02640625 0.06889583333333332
2 0.61669140625 0.39945833333333336 0.025921875 0.07670138888888889
2 0.6112968750000001 0.518375 0.0359609375 0.08304166666666667
2 0.87783984375 0.5832361111111111 0.022171875 0.08930555555555555