2 0.13728645833333333 0.506074074074074 0.035416666666666666 0.12939814814814815
2 0.7735052083333334 0.6252407407407408 0.042890624999999995 0.1494814814814815
2 0.08197916666666667 0.4058425925925926 0.032515625 0.12496296296296297
2 0.24859895833333334 0.39310185185185187 0.040109375 0.12838888888888889
2 0.058484375000000005 0.6483425925925926 0.03609375 0.15367592592592594
2 0.27717187499999996 0.5236388888888889 0.02775 0.14103703703703704
2 0.28839583333333335 0.4347314814814815 0.03181770833333333 0.13674074074074075
1 0.67359375 0.49603703703703705 0.07141666666666667 0.050444444444444445
2 0.007776041666666666 0.7673148148148149 0.015229166666666665 0.11899074074074073
0 0.6831197916666666 0.429962962962963 0.009302083333333332 0.020453703703703703
2 0.37879166666666664 0.6319444444444444 0.03114583333333333 0.14914814814814817