2 0.13147395833333334 0.4276944444444445 0.030901041666666667 0.1374537037037037
2 0.5065677083333333 0.3604907407407407 0.03756770833333333 0.10725
2 0.4272916666666667 0.5241203703703703 0.032984374999999996 0.15166666666666667
2 0.8246145833333334 0.43098148148148147 0.030041666666666668 0.1371574074074074
2 0.6760104166666667 0.41721296296296295 0.04415104166666666 0.12477777777777777
2 0.3574322916666667 0.3372685185185185 0.03177083333333333 0.09912037037037037
2 0.703734375 0.6124166666666666 0.032052083333333335 0.1646388888888889
2 0.23770833333333333 0.33946296296296297 0.037453125 0.11531481481481481
2 0.3303229166666667 0.8533055555555557 0.04578645833333333 0.20248148148148148
3 0.21647395833333333 0.4292962962962963 0.027817708333333333 0.12975925925925924
2 0.5411614583333333 0.9089814814814815 0.036796875 0.17585185185185184
2 0.70409375 0.36441666666666667 0.028427083333333332 0.12182407407407407
1 0.931375 0.3278333333333333 0.033359375 0.122
2 0.8773385416666667 0.48974999999999996 0.029953125 0.15280555555555556
2 0.4597864583333333 0.3563703703703704 0.029609375 0.11196296296296296
2 0.325953125 0.29400925925925925 0.03210416666666667 0.08778703703703704
2 0.44826041666666666 0.33235185185185184 0.027432291666666667 0.10755555555555556
2 0.238171875 0.28376851851851853 0.025744791666666666 0.10171296296296296
2 0.897546875 0.47635185185185186 0.030713541666666667 0.14047222222222222
0 0.362765625 0.3707685185185185 0.0129375 0.025277777777777777