2 0.15883333333333333 0.48787037037037034 0.032390625 0.13687962962962963
2 0.0890625 0.23747222222222225 0.024411458333333334 0.10282407407407407
2 0.4765625 0.6930925925925926 0.03783333333333334 0.16049074074074074
2 0.40793229166666667 0.7594444444444445 0.048234375 0.15153703703703703
2 0.3364270833333334 0.31593518518518515 0.033625 0.09351851851851851
2 0.31079687500000003 0.6027685185185185 0.031177083333333334 0.13792592592592592
2 0.15533854166666666 0.3516944444444444 0.022895833333333334 0.10823148148148148
2 0.4515572916666667 0.5221388888888888 0.032359375 0.1368611111111111
2 0.5398125 0.5063055555555555 0.02868229166666667 0.13791666666666666
2 0.404640625 0.3439259259259259 0.029708333333333333 0.10814814814814815
2 0.42422916666666666 0.4681944444444444 0.036104166666666666 0.1322962962962963
3 0.022000000000000002 0.4000185185185185 0.022880208333333332 0.13105555555555554
0 0.48364583333333333 0.23021296296296295 0.00953125 0.022046296296296296
2 0.5143593750000001 0.43149074074074073 0.027109374999999998 0.135
2 0.5123958333333333 0.37372222222222223 0.029640624999999997 0.11638888888888889
2 0.466671875 0.3723425925925926 0.030041666666666668 0.12005555555555555
2 0.44465625000000003 0.36580555555555555 0.03423958333333333 0.09997222222222223
2 0.4983958333333333 0.37448148148148147 0.03683854166666667 0.11099074074074075
2 0.4810885416666667 0.36415740740740743 0.02382291666666667 0.11813888888888889
1 0.6885208333333334 0.3785277777777778 0.028552083333333332 0.10087962962962964