2 0.36516145833333336 0.4571388888888889 0.028796875 0.11257407407407408
2 0.6655208333333333 0.49765740740740744 0.029536458333333335 0.12612962962962962
2 0.49199479166666665 0.5898425925925925 0.033046875 0.13114814814814812
2 0.6417760416666667 0.3865925925925926 0.03836979166666667 0.10153703703703704
2 0.8445937499999999 0.7418425925925927 0.035479166666666666 0.16707407407407407
2 0.6358958333333333 0.7707962962962963 0.041265625 0.17909259259259258
2 0.7119270833333334 0.8438981481481481 0.04186458333333333 0.17569444444444443
1 0.8091822916666668 0.2953425925925926 0.02480729166666667 0.0870462962962963
2 0.5638802083333334 0.3950740740740741 0.027036458333333332 0.0924537037037037
2 0.5436041666666667 0.37187037037037035 0.03258333333333333 0.0801574074074074
0 0.4322604166666667 0.44575000000000004 0.009026041666666667 0.016074074074074074
2 0.18585937500000002 0.4266759259259259 0.027593749999999997 0.1096111111111111