2 0.31964583333333335 0.22439814814814815 0.033317708333333335 0.10262962962962963
2 0.26122395833333334 0.5530925925925926 0.04157291666666666 0.12127777777777776
2 0.12980208333333335 0.3137037037037037 0.024666666666666667 0.11928703703703705
2 0.09588020833333334 0.1604351851851852 0.02411458333333333 0.09525
2 0.43200520833333333 0.31970370370370366 0.030583333333333334 0.10809259259259259
1 0.8109791666666666 0.17844444444444443 0.0335625 0.10244444444444445
2 0.628578125 0.807212962962963 0.05248958333333333 0.1574537037037037
2 0.24242708333333332 0.18821296296296297 0.025812500000000002 0.09741666666666667
2 0.296640625 0.43100925925925926 0.034453125 0.12050925925925926
2 0.6271354166666666 0.6011111111111112 0.032156250000000004 0.13911111111111113
2 0.21166666666666664 0.18337037037037035 0.021223958333333334 0.08526851851851852
3 0.03208333333333333 0.2571296296296296 0.025625000000000002 0.10342592592592594
0 0.6076510416666667 0.8104537037037036 0.013473958333333334 0.026