1 0.907625 0.42387037037037034 0.03921354166666667 0.10700925925925925
2 0.7760520833333333 0.57075 0.036432291666666665 0.14150925925925928
2 0.6360052083333334 0.6728333333333333 0.04055729166666667 0.14196296296296296
2 0.7285833333333334 0.4569074074074074 0.039359374999999995 0.136037037037037
2 0.7055572916666667 0.48931481481481487 0.04652604166666666 0.14221296296296296
2 0.6044791666666666 0.40579629629629627 0.035979166666666666 0.11485185185185186
2 0.5104947916666667 0.4998425925925926 0.0435625 0.1262222222222222
2 0.51759375 0.3811851851851852 0.031822916666666666 0.11050925925925925
2 0.4347447916666667 0.3983055555555556 0.03676041666666666 0.1268611111111111
2 0.37925 0.3352314814814815 0.04531770833333334 0.09637962962962963
2 0.346984375 0.3394444444444445 0.04178125 0.09881481481481481
2 0.16251041666666666 0.4212037037037037 0.024677083333333336 0.1294537037037037
2 0.10244270833333333 0.5674814814814815 0.039901041666666665 0.1380462962962963
3 0.07804166666666666 0.33649074074074076 0.029354166666666667 0.11125
0 0.35114062500000004 0.38814814814814813 0.011260416666666667 0.020120370370370372
0 0.899703125 0.3441018518518518 0.014682291666666668 0.027712962962962964