2 0.53944140625 0.48400000000000004 0.035359375 0.0751388888888889
2 0.380953125 0.6699236111111111 0.023066406249999998 0.10175000000000001
2 0.8081328125 0.8026319444444444 0.035910156250000005 0.11320138888888888
2 0.865171875 0.5935 0.026101562499999998 0.10168055555555555
2 0.8675078125000001 0.40888888888888886 0.02296484375 0.08365277777777777
2 0.8093242187499999 0.3977569444444444 0.0271328125 0.07924305555555555
2 0.7793125 0.29604166666666665 0.025140625 0.07422916666666667
2 0.64427734375 0.30020833333333335 0.0195859375 0.07263888888888889
2 0.55348828125 0.23927083333333335 0.02438671875 0.064875
2 0.46353125000000006 0.26853472222222224 0.017468749999999998 0.07277777777777777
2 0.41133984375 0.39766666666666667 0.025535156250000003 0.0790625
2 0.40769140625 0.3586527777777778 0.025492187500000003 0.07286111111111111
2 0.3578828125 0.41360416666666666 0.0316171875 0.08515277777777779
2 0.24154296875 0.47007638888888886 0.02437890625 0.08697916666666666
2 0.170609375 0.5608611111111111 0.028714843750000003 0.09394444444444444
2 0.11574218750000001 0.5274791666666667 0.032828125 0.09860416666666667
2 0.62455078125 0.5140555555555556 0.01919140625 0.09160416666666667
3 0.45977734375 0.5390902777777777 0.03227734375 0.09501388888888888
3 0.51994921875 0.20347222222222222 0.028734375 0.0636875
3 0.0914921875 0.2979722222222222 0.02003515625 0.07809027777777779