2 0.7438385416666667 0.28512037037037036 0.025718750000000002 0.07100925925925926
3 0.6628541666666667 0.3721481481481482 0.028333333333333332 0.07751851851851851
2 0.8095833333333334 0.5098333333333334 0.027723958333333333 0.08698148148148148
2 0.7608020833333333 0.3701203703703704 0.024078125 0.0816574074074074
2 0.323578125 0.38331481481481483 0.024739583333333332 0.07997222222222222
2 0.24686979166666667 0.2767777777777778 0.020260416666666666 0.06387037037037037
2 0.2530364583333333 0.3642962962962963 0.034749999999999996 0.07360185185185185
2 0.49881770833333333 0.37501851851851853 0.03349479166666667 0.08087962962962962
2 0.37428125 0.4955462962962964 0.028697916666666667 0.0798611111111111
2 0.19415104166666666 0.36047222222222225 0.02908854166666667 0.07177777777777777
2 0.35475520833333335 0.254 0.020151041666666664 0.0735
2 0.3177760416666667 0.469287037037037 0.030348958333333335 0.08532407407407408
2 0.7869895833333334 0.346212962962963 0.017072916666666667 0.07233333333333333
2 0.5332395833333333 0.33239814814814816 0.028072916666666666 0.05785185185185185
2 0.564203125 0.311 0.017760416666666667 0.06985185185185185
2 0.7526666666666666 0.4451759259259259 0.019161458333333332 0.08003703703703703
2 0.30044791666666665 0.4257037037037037 0.026677083333333334 0.0691574074074074
2 0.9517604166666668 0.4103148148148148 0.019880208333333333 0.08012037037037037
2 0.9929895833333333 0.4242870370370371 0.013625 0.08510185185185185
0 0.34854687500000003 0.28147222222222223 0.006255208333333333 0.012435185185185185
2 0.5291145833333333 0.3025462962962963 0.016760416666666667 0.07652777777777778
2 0.936515625 0.31343518518518515 0.021416666666666664 0.0740648148148148