2 0.07421354166666667 0.3864074074074074 0.03761458333333333 0.12332407407407407
2 0.9011666666666667 0.6732777777777778 0.03655208333333334 0.16955555555555557
2 0.708625 0.5050740740740741 0.0299375 0.12481481481481482
2 0.374140625 0.38000925925925927 0.028932291666666665 0.1129537037037037
2 0.5376718749999999 0.7107592592592593 0.036744791666666665 0.16944444444444445
1 0.507015625 0.33337962962962964 0.028916666666666667 0.08778703703703704
2 0.37975 0.6846388888888889 0.03739583333333333 0.15449074074074073
3 0.18181770833333333 0.506425925925926 0.032640625 0.12594444444444444
2 0.6900729166666667 0.42246296296296293 0.030875 0.10693518518518517
2 0.38730729166666666 0.4990925925925926 0.024562499999999998 0.13491666666666668
2 0.285671875 0.678611111111111 0.03391145833333333 0.15519444444444447
2 0.435171875 0.44419444444444445 0.02968229166666667 0.11056481481481481
2 0.7123229166666667 0.4279351851851852 0.03497395833333334 0.11462037037037037
0 0.7199375 0.46985185185185185 0.010531249999999999 0.02153703703703704
2 0.3792552083333333 0.4855092592592593 0.0260625 0.11844444444444445