2 0.804625 0.6435185185185185 0.029130208333333334 0.13867592592592592
2 0.5515208333333333 0.6370462962962963 0.04560416666666667 0.11562037037037037
2 0.601671875 0.5283796296296296 0.027093750000000003 0.11925925925925927
2 0.5697135416666667 0.3835648148148148 0.035656249999999994 0.10993518518518519
2 0.43318229166666666 0.30091666666666667 0.02353125 0.09708333333333333
2 0.35422916666666665 0.6428055555555555 0.03216145833333333 0.12777777777777777
2 0.6448437499999999 0.42815740740740743 0.035166666666666666 0.10480555555555555
2 0.22468749999999998 0.2875833333333333 0.030817708333333336 0.09588888888888888
2 0.8701510416666667 0.6680648148148148 0.03339583333333333 0.13362962962962963
2 0.4211145833333333 0.45605555555555555 0.029104166666666667 0.11694444444444445
1 0.91459375 0.30437962962962967 0.032296874999999996 0.10548148148148148
2 0.25085416666666666 0.19490740740740742 0.022411458333333335 0.09574074074074075
2 0.28101041666666665 0.3324907407407407 0.02678125 0.09513888888888888
2 0.5295520833333334 0.4134907407407407 0.02225 0.09948148148148148
2 0.25998958333333333 0.3987222222222222 0.026677083333333334 0.11686111111111111
2 0.005942708333333334 0.46488888888888885 0.011739583333333333 0.12830555555555556
3 0.24700520833333334 0.3897314814814815 0.02077604166666667 0.11450925925925926
0 0.3599895833333333 0.6766666666666666 0.010125 0.018546296296296297