2 0.339625 0.6444629629629629 0.046385416666666665 0.12627777777777777
2 0.24324479166666665 0.46371296296296294 0.029364583333333336 0.11321296296296296
2 0.55259375 0.4009259259259259 0.03084375 0.09798148148148147
2 0.6825729166666666 0.4582037037037037 0.034109375 0.11337962962962964
2 0.4980572916666667 0.5856111111111112 0.029427083333333333 0.11962962962962961
2 0.09835416666666667 0.29174074074074074 0.024015625 0.08191666666666667
2 0.5987864583333333 0.45543518518518517 0.025109375 0.10724074074074073
2 0.07121875000000001 0.37215740740740744 0.03644791666666667 0.09257407407407407
2 0.351171875 0.2798703703703704 0.02728125 0.07167592592592592
1 0.9164010416666667 0.35638888888888887 0.03243229166666667 0.09737037037037037
2 0.24902604166666667 0.3958888888888889 0.022609374999999998 0.08677777777777777
2 0.3815989583333333 0.2968148148148148 0.026598958333333332 0.06598148148148149
0 0.35129166666666667 0.3068888888888889 0.007109375 0.01211111111111111
2 0.61396875 0.6297314814814815 0.031088541666666667 0.12379629629629628