2 0.399 0.3544351851851852 0.029072916666666667 0.09978703703703704
2 0.5261510416666667 0.4711851851851852 0.03613020833333334 0.11094444444444444
2 0.4659010416666666 0.41909259259259257 0.03313541666666667 0.11199074074074074
2 0.032401041666666665 0.3278055555555555 0.04538020833333333 0.09659259259259259
2 0.447859375 0.5438981481481481 0.04369791666666667 0.11132407407407408
2 0.44653645833333333 0.45369444444444446 0.029546874999999997 0.1039074074074074
2 0.32146875 0.3750648148148148 0.03003125 0.10223148148148148
1 0.7911510416666666 0.3739259259259259 0.028088541666666668 0.09177777777777778
2 0.33757291666666667 0.34191666666666665 0.036796875 0.08403703703703704
2 0.007619791666666667 0.367037037037037 0.014932291666666668 0.10087037037037037
0 0.84840625 0.27452777777777776 0.009307291666666667 0.021268518518518516
0 0.05119270833333334 0.18693518518518518 0.013843749999999998 0.01737962962962963