2 0.5566093750000001 0.48588888888888887 0.03113541666666667 0.10376851851851851
2 0.44268229166666667 0.6416851851851851 0.038218749999999996 0.12971296296296297
1 0.335625 0.2798425925925926 0.03155729166666667 0.08681481481481482
2 0.5184947916666667 0.42406481481481484 0.047052083333333335 0.08893518518518519
2 0.6660468749999999 0.23652777777777775 0.020484375 0.07856481481481481
2 0.8756197916666667 0.6546388888888889 0.03152083333333334 0.14249074074074072
2 0.9514166666666667 0.6164722222222222 0.03204166666666667 0.14743518518518517
2 0.2645104166666667 0.45152777777777775 0.026901041666666667 0.11671296296296296
2 0.8122552083333333 0.49946296296296294 0.029666666666666668 0.11313888888888889
2 0.9770729166666666 0.2789166666666667 0.01891666666666667 0.0872962962962963
0 0.47568750000000004 0.519037037037037 0.015796875 0.02138888888888889