2 0.18991145833333334 0.6826851851851852 0.05091666666666667 0.13572222222222224
1 0.8719010416666666 0.3564907407407407 0.029828125 0.11087037037037037
2 0.87278125 0.5806759259259259 0.04263541666666667 0.12162962962962964
2 0.17630729166666667 0.26416666666666666 0.03735416666666667 0.09210185185185185
2 0.5705416666666667 0.44684259259259257 0.048484375 0.1126851851851852
2 0.33825520833333333 0.6769814814814815 0.035182291666666664 0.13573148148148148
2 0.511 0.5948518518518519 0.0428125 0.13093518518518518
2 0.367234375 0.3520185185185185 0.03578125 0.09737962962962964
2 0.6063385416666667 0.4898981481481482 0.04411458333333333 0.11031481481481481
2 0.23386458333333332 0.4511388888888889 0.042520833333333334 0.11862962962962964
2 0.6718697916666667 0.595537037037037 0.03299479166666667 0.1388611111111111
2 0.3170885416666666 0.5252037037037037 0.03544791666666667 0.12786111111111112
2 0.391296875 0.4004259259259259 0.033468750000000005 0.09931481481481481
2 0.5105729166666666 0.4941203703703704 0.028947916666666667 0.10398148148148148
3 0.11860937499999999 0.43012962962962964 0.03183333333333333 0.12295370370370369
2 0.10508333333333333 0.3381296296296296 0.023604166666666666 0.10882407407407407
0 0.820671875 0.5982777777777778 0.016 0.024907407407407406
0 0.7649947916666666 0.2799259259259259 0.011765625 0.01587962962962963
0 0.436828125 0.13808333333333334 0.009078125 0.01923148148148148