2 0.46014583333333337 0.40444444444444444 0.03294791666666667 0.1115
2 0.9131979166666666 0.5487314814814814 0.040213541666666665 0.13019444444444445
2 0.7238802083333333 0.692787037037037 0.03780208333333333 0.16498148148148148
2 0.5314687499999999 0.38746296296296295 0.030828124999999998 0.1069074074074074
2 0.1888177083333333 0.5570555555555555 0.03392708333333334 0.14225925925925925
2 0.7261197916666667 0.4703611111111111 0.026755208333333332 0.13014814814814815
2 0.4912916666666666 0.5111481481481481 0.03453125 0.09852777777777777
2 0.29229166666666667 0.43577777777777776 0.040390625 0.12459259259259259
2 0.43535416666666665 0.3341111111111111 0.026375 0.11170370370370371
2 0.23138541666666665 0.2400648148148148 0.024447916666666666 0.10422222222222223
2 0.3247708333333333 0.4228148148148148 0.05492708333333333 0.12453703703703704
2 0.9723854166666667 0.7651018518518518 0.04533333333333334 0.1637222222222222
2 0.6058697916666667 0.4284907407407407 0.03392708333333334 0.11526851851851852
3 0.21732812499999998 0.3374537037037037 0.022515624999999997 0.10806481481481481
2 0.31747916666666665 0.37963888888888886 0.027703125 0.10332407407407408
0 0.379484375 0.4760462962962963 0.013427083333333334 0.021898148148148146
1 0.9894583333333333 0.32339814814814816 0.02069270833333333 0.11008333333333334
2 0.5884270833333333 0.4279907407407408 0.034666666666666665 0.10612037037037036
0 0.9247135416666666 0.2780648148148148 0.008536458333333333 0.019416666666666665