2 0.240078125 0.3867037037037037 0.036484375 0.11811111111111111
2 0.38208333333333333 0.46694444444444444 0.036286458333333334 0.11225
2 0.6383229166666666 0.5259259259259259 0.03777604166666667 0.13452777777777777
2 0.4603072916666667 0.4142222222222222 0.041640625 0.1266574074074074
2 0.38938541666666665 0.7000740740740741 0.04448958333333333 0.1424537037037037
2 0.5292760416666666 0.48837962962962966 0.03567708333333333 0.14102777777777778
2 0.6061510416666667 0.4555740740740741 0.041765625 0.13375925925925927
3 0.09198958333333333 0.43372222222222223 0.02978125 0.13862037037037037
2 0.5650989583333333 0.40862037037037036 0.027651041666666668 0.12077777777777778
0 0.36342708333333335 0.4387037037037037 0.010713541666666666 0.023240740740740742
2 0.5558697916666666 0.34617592592592594 0.026734374999999998 0.10901851851851851
1 0.5355052083333334 0.4360925925925926 0.021531250000000002 0.05737037037037037
2 0.56265625 0.4475 0.05697395833333333 0.04546296296296296