2 0.07259375 0.34275925925925926 0.02764583333333333 0.13561111111111113
2 0.21159375 0.42642592592592593 0.035369791666666664 0.14077777777777778
2 0.13338541666666667 0.31497222222222226 0.03255729166666667 0.13495370370370371
2 0.036765625 0.27437962962962964 0.03384895833333333 0.12649074074074076
1 0.7193958333333333 0.4387685185185185 0.04114583333333333 0.13999999999999999
2 0.920921875 0.6887037037037037 0.053625 0.18783333333333335
2 0.48664583333333333 0.5372685185185185 0.036875 0.15126851851851852
2 0.8297083333333333 0.549574074074074 0.04288020833333333 0.08925925925925926
2 0.47628645833333333 0.3889814814814815 0.03789583333333334 0.1338703703703704
0 0.21916666666666668 0.27475 0.010281249999999999 0.022074074074074072
2 0.48000000000000004 0.44330555555555556 0.031609375 0.15512037037037038
0 0.44467708333333333 0.3465185185185185 0.009140625000000001 0.019435185185185184