2 0.36294791666666665 0.3877037037037037 0.04058333333333333 0.1110462962962963
2 0.5920729166666666 0.49938888888888894 0.034520833333333334 0.11847222222222223
2 0.46234895833333334 0.39502777777777776 0.04140625 0.1073888888888889
2 0.348625 0.6153240740740741 0.036953125 0.1547962962962963
2 0.4451927083333333 0.5799537037037037 0.028010416666666666 0.14675925925925926
2 0.7293593749999999 0.5109074074074074 0.033213541666666666 0.12345370370370372
2 0.09652604166666667 0.7743240740740741 0.03569791666666667 0.1561574074074074
2 0.072640625 0.3027592592592593 0.029864583333333337 0.10121296296296296
2 0.16268229166666667 0.5500833333333334 0.04355208333333334 0.1390925925925926
2 0.422796875 0.5142777777777777 0.029828125 0.12054629629629629
2 0.015880208333333333 0.7328425925925927 0.031760416666666666 0.15951851851851853
1 0.689546875 0.4418055555555555 0.05938541666666666 0.09099074074074073
2 0.5497447916666667 0.45169444444444445 0.03915104166666667 0.13
2 0.16424479166666667 0.46964814814814815 0.04067708333333333 0.12971296296296297
0 0.689078125 0.4966203703703704 0.014875 0.023324074074074077
0 0.53153125 0.31980555555555557 0.009973958333333333 0.021611111111111112
0 0.15566666666666668 0.16294444444444445 0.009255208333333332 0.01735185185185185