2 0.06842708333333333 0.5439814814814815 0.030838541666666667 0.11071296296296296
2 0.6158645833333334 0.4758518518518518 0.029359375 0.1126388888888889
2 0.48605729166666667 0.48991666666666667 0.03309375 0.11824074074074074
2 0.40775 0.5555000000000001 0.040567708333333334 0.11977777777777779
2 0.25236458333333334 0.4614074074074074 0.03423958333333333 0.09191666666666666
2 0.5059895833333333 0.43316666666666664 0.0325625 0.1095462962962963
2 0.01953125 0.37112962962962964 0.023270833333333334 0.10358333333333333
2 0.5773645833333333 0.6491666666666667 0.03522395833333333 0.1316203703703704
2 0.38573958333333336 0.4983425925925926 0.029187499999999998 0.09831481481481483
2 0.5425885416666667 0.5441018518518519 0.028734375 0.1271851851851852
3 0.08655729166666666 0.4182222222222222 0.022640625 0.11205555555555555
1 0.66378125 0.3856574074074074 0.0279375 0.10705555555555556
2 0.34949479166666664 0.4413240740740741 0.030177083333333334 0.09664814814814815
2 0.5720416666666667 0.5151759259259259 0.0301875 0.12139814814814816
2 0.45175 0.42646296296296293 0.025104166666666667 0.11481481481481481
2 0.36539062499999997 0.39366666666666666 0.026536458333333336 0.10016666666666667
2 0.4055885416666667 0.4162314814814815 0.022234374999999997 0.10538888888888888
2 0.5563177083333334 0.4890277777777778 0.02285416666666667 0.1140462962962963
2 0.43162500000000004 0.45219444444444445 0.024463541666666665 0.09886111111111111
2 0.33961979166666667 0.5140555555555555 0.029953125 0.06451851851851853
0 0.33864062500000003 0.3244074074074074 0.012223958333333333 0.024444444444444442
0 0.6042864583333334 0.34648148148148145 0.01021875 0.018787037037037036