2 0.6836249999999999 0.3743425925925926 0.022421874999999997 0.10029629629629629
2 0.22247395833333333 0.5224537037037037 0.04128645833333333 0.1172962962962963
2 0.7486822916666667 0.4259074074074074 0.02509895833333333 0.11358333333333334
2 0.47139583333333335 0.28021296296296294 0.022770833333333334 0.08929629629629629
2 0.33469270833333337 0.2835648148148148 0.027567708333333333 0.09057407407407407
2 0.5777552083333333 0.36071296296296296 0.025546875 0.10881481481481481
2 0.12061979166666667 0.31946296296296295 0.023432291666666667 0.09507407407407407
2 0.1251875 0.4177037037037037 0.02664583333333333 0.1131111111111111
2 0.4124375 0.29412962962962963 0.020781249999999998 0.07980555555555556
2 0.482875 0.6089074074074075 0.03272395833333333 0.1358703703703704
2 0.3843697916666667 0.3616666666666667 0.022125 0.10208333333333333
3 0.43191666666666667 0.41909259259259257 0.022687500000000003 0.10475
2 0.855578125 0.45514814814814814 0.023208333333333334 0.10533333333333333
2 0.7883489583333334 0.44510185185185186 0.021604166666666664 0.11251851851851852
2 0.293 0.2583796296296296 0.020947916666666667 0.0845462962962963
2 0.8108802083333334 0.44325 0.022208333333333333 0.10642592592592592
2 0.8431770833333334 0.48337037037037034 0.021057291666666665 0.11787037037037036
0 0.2928020833333333 0.29025 0.008651041666666666 0.012972222222222222
2 0.858046875 0.46544444444444444 0.020223958333333333 0.10477777777777778