2 0.319640625 0.39875925925925926 0.03065625 0.11220370370370371
2 0.34554687500000003 0.6449074074074074 0.033703124999999994 0.13855555555555554
2 0.13456770833333334 0.44863888888888886 0.03590104166666667 0.10297222222222221
2 0.5242552083333334 0.5588055555555556 0.028708333333333332 0.1307777777777778
2 0.466453125 0.6719537037037038 0.030208333333333334 0.12603703703703703
2 0.5990885416666667 0.5631111111111111 0.032755208333333334 0.12431481481481481
2 0.4384427083333333 0.5005185185185185 0.028802083333333332 0.1014074074074074
2 0.5448958333333334 0.49875925925925924 0.03340625 0.10626851851851851
2 0.25281770833333334 0.5250740740740741 0.034703124999999994 0.12505555555555556
2 0.386765625 0.49375925925925923 0.02627604166666667 0.10785185185185185
2 0.10869270833333333 0.49126851851851855 0.022723958333333336 0.11323148148148149
1 0.6031927083333334 0.41535185185185186 0.034333333333333334 0.08787037037037038
2 0.3828333333333333 0.4364907407407408 0.028557291666666665 0.10507407407407408
3 0.22083854166666667 0.5046388888888889 0.023947916666666666 0.12590740740740738
0 0.4597239583333333 0.456537037037037 0.017531249999999998 0.02785185185185185
2 0.22408854166666667 0.462037037037037 0.03411979166666667 0.10462962962962963
2 0.3889166666666667 0.486462962962963 0.034671875 0.11412962962962964