2 0.06918229166666667 0.606 0.04716145833333333 0.13021296296296295
2 0.29298437499999996 0.7921666666666667 0.06307291666666666 0.14200925925925925
2 0.38580729166666666 0.5135000000000001 0.036546875 0.11800925925925926
2 0.542484375 0.27685185185185185 0.033463541666666666 0.09873148148148148
2 0.644578125 0.5482962962962963 0.03582291666666667 0.11708333333333333
2 0.07382291666666667 0.4292314814814815 0.040109375 0.1185462962962963
2 0.5897395833333333 0.40175925925925926 0.0280625 0.10498148148148148
3 0.255375 0.328 0.03443229166666666 0.10448148148148148
2 0.40191666666666664 0.3491296296296296 0.03745833333333334 0.10338888888888889
2 0.7322447916666667 0.5486574074074073 0.028203125 0.13074074074074074
2 0.483265625 0.3511574074074074 0.03247395833333334 0.09531481481481481
2 0.7267447916666666 0.37530555555555556 0.03044791666666667 0.09882407407407408
2 0.44394791666666666 0.3688888888888889 0.04378645833333333 0.09941666666666667
2 0.20011979166666669 0.27248148148148144 0.03438541666666666 0.09647222222222222
2 0.7260833333333333 0.4377407407407407 0.029953125 0.12453703703703704
0 0.500203125 0.40703703703703703 0.012890625 0.022814814814814816
2 0.19753125 0.2504074074074074 0.031781250000000004 0.09802777777777778
0 0.41321875 0.14603703703703705 0.008197916666666668 0.013481481481481481