1 0.8538593750000001 0.3761111111111111 0.04416666666666667 0.09025
2 0.613296875 0.5669444444444444 0.05363020833333333 0.1272037037037037
2 0.50721875 0.41864814814814816 0.04255208333333334 0.11867592592592592
2 0.525203125 0.6509074074074074 0.057026041666666666 0.13649999999999998
2 0.4620208333333334 0.6045555555555555 0.06755208333333333 0.12712962962962965
2 0.33716666666666667 0.3652962962962963 0.039281250000000004 0.10747222222222222
2 0.34951041666666666 0.5186111111111111 0.05728645833333333 0.11431481481481481
2 0.4280625 0.40849074074074077 0.034932291666666664 0.11344444444444444
2 0.18171354166666667 0.301 0.02690625 0.09307407407407407
2 0.2260625 0.9253333333333333 0.06715104166666667 0.14226851851851852
0 0.5584791666666666 0.7101481481481482 0.011703125 0.022222222222222223
2 0.28203125 0.9449537037037037 0.046593749999999996 0.10942592592592593
0 0.5538645833333333 0.2206111111111111 0.006510416666666667 0.015185185185185184
2 0.3501822916666667 0.4816481481481481 0.03239583333333333 0.11375925925925925