2 0.6323124999999999 0.3797962962962963 0.028302083333333335 0.09720370370370371
2 0.12255208333333334 0.5605277777777777 0.028916666666666667 0.13485185185185183
2 0.4647760416666667 0.6568703703703703 0.028739583333333332 0.1373425925925926
2 0.4658489583333333 0.5201851851851852 0.02704166666666667 0.1172962962962963
2 0.6726041666666667 0.37775000000000003 0.03229166666666667 0.09766666666666667
2 0.8358385416666666 0.5298888888888889 0.026333333333333334 0.12083333333333333
2 0.5978541666666667 0.37778703703703703 0.02721875 0.0864074074074074
2 0.6155729166666667 0.46715740740740735 0.027161458333333333 0.10807407407407407
2 0.7408802083333333 0.4396851851851852 0.026640624999999998 0.12221296296296297
2 0.589515625 0.4996111111111112 0.029875 0.10468518518518519
1 0.739578125 0.39789814814814817 0.029463541666666666 0.11675925925925926
3 0.22349479166666666 0.4578148148148148 0.015734375000000002 0.11585185185185186
2 0.7129895833333334 0.4131296296296296 0.023942708333333333 0.11817592592592592
2 0.5661302083333334 0.4966018518518519 0.022770833333333334 0.12383333333333334
2 0.5403072916666667 0.47571296296296295 0.026401041666666666 0.11896296296296295
0 0.23802083333333332 0.2414537037037037 0.008588541666666666 0.015324074074074075
2 0.55340625 0.48443518518518525 0.029989583333333333 0.10775
2 0.27336458333333336 0.20762037037037037 0.02068229166666667 0.07033333333333333
2 0.28928645833333333 0.4422129629629629 0.020942708333333334 0.10917592592592593