2 0.22445833333333332 0.4493611111111111 0.04545833333333334 0.1355
2 0.5154322916666667 0.3874444444444444 0.036390625 0.1154537037037037
2 0.10438541666666666 0.31056481481481485 0.03357291666666666 0.1068611111111111
2 0.6168020833333333 0.5025740740740741 0.0404375 0.13242592592592595
2 0.021708333333333333 0.3963148148148148 0.043421875000000006 0.12069444444444444
2 0.18369791666666666 0.5269814814814815 0.03391666666666667 0.15453703703703706
2 0.7000260416666666 0.4812314814814815 0.033140625 0.12763888888888889
2 0.31091145833333333 0.6301574074074074 0.05030729166666667 0.16702777777777778
2 0.42322916666666666 0.5852685185185186 0.05277083333333333 0.12671296296296294
2 0.406359375 0.5261296296296296 0.036078124999999996 0.11602777777777779
2 0.5758072916666667 0.4319351851851852 0.026703125 0.14047222222222222
2 0.01959375 0.7662685185185185 0.03897395833333333 0.16347222222222224
2 0.012953125000000001 0.8478611111111112 0.025911458333333335 0.17608333333333331
1 0.6349270833333333 0.4704351851851852 0.05383854166666667 0.07230555555555555
0 0.5885677083333333 0.3727777777777778 0.010463541666666666 0.021212962962962965
2 0.59178125 0.4050648148148148 0.066375 0.05087037037037037
0 0.478625 0.3206111111111111 0.009328125 0.023157407407407408
0 0.04061979166666666 0.13882407407407407 0.010932291666666667 0.01838888888888889