2 0.42833854166666663 0.5584074074074075 0.03828125 0.1030462962962963
2 0.7722187500000001 0.5562314814814815 0.04378125 0.11493518518518518
2 0.19216666666666665 0.354 0.027213541666666667 0.10018518518518518
2 0.9320364583333334 0.7957685185185185 0.04457291666666666 0.15373148148148147
2 0.09146354166666668 0.5575277777777777 0.030526041666666667 0.13396296296296298
1 0.7886302083333334 0.31349074074074074 0.02803125 0.08987037037037038
2 0.4133802083333334 0.4190555555555555 0.03558854166666667 0.10556481481481482
2 0.4975625 0.4291203703703704 0.025833333333333333 0.10750925925925926
2 0.3298697916666667 0.45393518518518516 0.026802083333333334 0.11451851851851852
2 0.43866666666666665 0.35377777777777775 0.025343749999999998 0.10041666666666667
2 0.35970833333333335 0.5765833333333333 0.03155729166666667 0.13221296296296295
2 0.012604166666666666 0.27894444444444444 0.022703125 0.09680555555555555
3 0.11767708333333333 0.43374999999999997 0.02645833333333333 0.11435185185185186
2 0.09231770833333333 0.4457777777777778 0.02588020833333333 0.11600925925925927
2 0.4029583333333333 0.35360185185185183 0.017906250000000002 0.09483333333333334
2 0.27087500000000003 0.28974074074074074 0.027776041666666664 0.09021296296296297
2 0.2836354166666667 0.2891574074074074 0.019442708333333333 0.08562037037037037
0 0.7353124999999999 0.2614074074074074 0.008333333333333333 0.01687962962962963
2 0.414984375 0.33699074074074076 0.023791666666666666 0.10709259259259259
0 0.3707083333333333 0.6280462962962963 0.012197916666666668 0.02