2 0.9581458333333334 0.7709166666666667 0.03816666666666667 0.16035185185185186
2 0.816328125 0.5711851851851851 0.029536458333333335 0.12385185185185184
2 0.5532968749999999 0.44274074074074077 0.032640625 0.10956481481481481
2 0.4531354166666667 0.5751944444444445 0.035437500000000004 0.10224074074074074
2 0.36673958333333334 0.46925 0.0261875 0.11813888888888889
2 0.482796875 0.3698611111111111 0.028088541666666668 0.10268518518518518
2 0.4473697916666667 0.35050925925925924 0.025984375 0.10286111111111111
2 0.43539062500000003 0.37366666666666665 0.01765625 0.10102777777777777
2 0.4543125 0.4274907407407407 0.028874999999999998 0.10773148148148147
2 0.31661979166666665 0.3040277777777778 0.019703125 0.08582407407407407
2 0.29010416666666666 0.3031111111111111 0.023953125000000002 0.0951111111111111
2 0.214546875 0.3637592592592593 0.033265625 0.09973148148148148
2 0.3901302083333333 0.5857777777777777 0.025052083333333332 0.12341666666666666
2 0.03278645833333334 0.29108333333333336 0.028072916666666666 0.09512037037037037
2 0.10161979166666667 0.5740092592592592 0.031359375 0.13691666666666666
2 0.08014583333333333 0.4682777777777778 0.03320833333333333 0.12173148148148148
0 0.40458854166666663 0.6371388888888889 0.012703125000000001 0.022425925925925926
3 0.14056770833333332 0.46190740740740743 0.02696875 0.10529629629629629
1 0.7918645833333334 0.3242685185185185 0.028515625 0.08557407407407408
0 0.734046875 0.2716574074074074 0.007682291666666666 0.01923148148148148