1 0.8503124999999999 0.35875 0.028286458333333334 0.07944444444444444
2 0.2986510416666667 0.5070277777777779 0.03981770833333333 0.09784259259259259
2 0.24026041666666667 0.3615925925925926 0.02353125 0.10343518518518519
2 0.7641875 0.5957129629629629 0.026885416666666665 0.12848148148148147
2 0.27711458333333333 0.6707870370370371 0.035979166666666666 0.13522222222222222
2 0.28142187500000004 0.4242777777777778 0.03405729166666667 0.10099999999999999
2 0.227109375 0.26380555555555557 0.02325 0.08717592592592593
2 0.512171875 0.4039814814814815 0.023270833333333334 0.1012037037037037
2 0.4672708333333333 0.4018611111111111 0.024802083333333332 0.09937037037037036
2 0.6416145833333334 0.49145370370370367 0.029046875000000003 0.10114814814814814
2 0.45203645833333334 0.32485185185185184 0.02490625 0.08475925925925927
2 0.3509322916666667 0.4111944444444444 0.03336979166666666 0.09725925925925927
3 0.06440625 0.3848888888888889 0.022015625 0.09616666666666666
2 0.31107291666666664 0.3892962962962963 0.03183333333333333 0.10156481481481482
2 0.26503125 0.2957962962962963 0.021708333333333333 0.08464814814814815
2 0.3284479166666667 0.3738611111111111 0.020541666666666666 0.1034537037037037
2 0.537625 0.9520185185185186 0.04322395833333333 0.09573148148148149
0 0.311515625 0.47713888888888883 0.007151041666666667 0.016787037037037038
0 0.8306406249999999 0.3090833333333333 0.0066875 0.011472222222222222