2 0.5306354166666667 0.5044814814814815 0.03875520833333333 0.11710185185185185
2 0.24359375 0.39761111111111114 0.031515625 0.11246296296296296
2 0.18332291666666667 0.716574074074074 0.03755208333333333 0.13366666666666668
2 0.66996875 0.7092777777777778 0.042291666666666665 0.13499074074074074
2 0.07877604166666667 0.3572592592592592 0.03399479166666666 0.11639814814814814
1 0.8019791666666667 0.2547314814814815 0.030338541666666666 0.09337037037037037
2 0.5573177083333333 0.3758425925925926 0.026104166666666664 0.10062962962962964
2 0.42729687499999996 0.2956388888888889 0.02792708333333333 0.09371296296296296
2 0.1081875 0.24025000000000002 0.02059895833333333 0.09263888888888888
2 0.331984375 0.25859259259259254 0.02197395833333333 0.09514814814814815
2 0.07534375 0.14781481481481482 0.023796875 0.07542592592592592
2 0.7142135416666666 0.6567222222222222 0.03284895833333333 0.12541666666666665
3 0.14927083333333335 0.3502962962962963 0.02694791666666667 0.10748148148148148
2 0.5758489583333334 0.6515092592592593 0.03638541666666666 0.09795370370370371
0 0.4901770833333333 0.7156574074074074 0.013536458333333333 0.019953703703703703
2 0.33198958333333334 0.30749074074074073 0.020838541666666665 0.08636111111111111