2 0.7117552083333333 0.6597222222222222 0.06956770833333333 0.174
2 0.13030729166666666 0.30921296296296297 0.059520833333333335 0.13417592592592592
2 0.3356927083333333 0.46487962962962964 0.04093229166666667 0.14600925925925926
2 0.647515625 0.46573148148148147 0.035958333333333335 0.1523611111111111
2 0.4803072916666667 0.33564814814814814 0.042625 0.12270370370370372
2 0.7945729166666666 0.4712037037037037 0.035703124999999995 0.1416111111111111
2 0.4766302083333333 0.455037037037037 0.048296875 0.15578703703703703
2 0.5661614583333333 0.383212962962963 0.04191145833333333 0.13182407407407407
2 0.20529687500000002 0.6268425925925926 0.05622916666666666 0.16487037037037036
2 0.5424583333333334 0.3590925925925926 0.043911458333333334 0.1317685185185185
0 0.9290416666666667 0.6058611111111112 0.017161458333333334 0.02900925925925926
2 0.020223958333333333 0.3568425925925926 0.03406770833333333 0.14076851851851852
3 0.018390625 0.4346759259259259 0.036411458333333334 0.15867592592592594
0 0.56446875 0.24667592592592594 0.010604166666666666 0.02387962962962963
2 0.18844791666666666 0.5586111111111111 0.034604166666666665 0.15408333333333332
2 0.19828645833333333 0.48477777777777775 0.0424375 0.1489722222222222
1 0.7425572916666667 0.5182407407407408 0.03706770833333333 0.11326851851851852