2 0.457875 0.5335648148148148 0.03209375 0.13116666666666665
2 0.438671875 0.8746851851851851 0.09134895833333333 0.19180555555555556
2 0.08462499999999999 0.33687962962962964 0.029125 0.12580555555555556
2 0.30478645833333334 0.34647222222222224 0.030671875 0.12083333333333333
2 0.7216197916666667 0.4921388888888889 0.03078125 0.15124074074074073
2 0.3203489583333334 0.5942314814814814 0.03480208333333333 0.16621296296296295
2 0.15932291666666665 0.6526296296296297 0.05584375 0.1636388888888889
1 0.5950885416666666 0.39535185185185184 0.035234375000000005 0.055851851851851854
2 0.8667447916666667 0.8043888888888889 0.037734375 0.18017592592592593
2 0.4941197916666667 0.46894444444444444 0.03644270833333333 0.13235185185185186
2 0.3865416666666667 0.4557037037037037 0.028281249999999997 0.13907407407407407
2 0.35449479166666664 0.5986388888888888 0.03233854166666667 0.14814814814814814
2 0.5523020833333334 0.6073703703703704 0.03549479166666667 0.14601851851851852
2 0.040953125 0.44625925925925924 0.034942708333333336 0.13676851851851854
3 0.050380208333333336 0.5853796296296296 0.029614583333333333 0.1622962962962963
0 0.42189062499999996 0.2617685185185185 0.014421875 0.02323148148148148
2 0.5645416666666667 0.5283611111111111 0.030223958333333335 0.13099999999999998
0 0.5437708333333333 0.2976111111111111 0.011333333333333334 0.021361111111111112
2 0.5642916666666667 0.5659259259259259 0.023109374999999998 0.13648148148148148