2 0.36911458333333336 0.8250462962962962 0.0638125 0.18783333333333335
2 0.3329166666666667 0.6003240740740741 0.04077604166666667 0.15792592592592594
1 0.6688697916666667 0.48974999999999996 0.05900520833333334 0.06947222222222223
2 0.620515625 0.812324074074074 0.0418125 0.20222222222222222
2 0.5893645833333333 0.45991666666666664 0.04205208333333333 0.14242592592592593
2 0.016114583333333335 0.44224074074074077 0.03222395833333333 0.13925925925925928
2 0.40929166666666666 0.5277777777777778 0.03425 0.13412962962962965
2 0.06605208333333333 0.6686666666666666 0.03738020833333333 0.17453703703703705
2 0.2975625 0.48837962962962966 0.02805208333333333 0.15009259259259258
2 0.12323958333333333 0.9058981481481482 0.04946875 0.18216666666666667
2 0.25543229166666664 0.43747222222222226 0.051729166666666666 0.15680555555555556
2 0.8832708333333333 0.7550925925925925 0.04506770833333333 0.18274074074074076
3 0.16452083333333334 0.6297314814814815 0.044432291666666665 0.1752037037037037
2 0.43058854166666666 0.44828703703703704 0.03353125 0.14255555555555557
2 0.39406250000000004 0.5093055555555556 0.03057291666666667 0.15525
0 0.745703125 0.4813240740740741 0.013536458333333333 0.022833333333333334