2 0.311484375 0.32988888888888884 0.041546875 0.10877777777777778
2 0.3666770833333333 0.4091018518518518 0.0314375 0.11950000000000001
2 0.21320833333333333 0.2690462962962963 0.02405208333333333 0.10710185185185185
2 0.4296979166666667 0.3602592592592592 0.023359375 0.09985185185185186
2 0.5157864583333333 0.4477777777777778 0.03407291666666667 0.1029074074074074
2 0.33264062499999997 0.4683333333333333 0.028635416666666667 0.12594444444444444
2 0.6448229166666667 0.4433611111111111 0.031036458333333336 0.12691666666666665
2 0.22125 0.41291666666666665 0.0255625 0.1254722222222222
2 0.6034427083333332 0.6050092592592592 0.046135416666666665 0.12321296296296295
2 0.014416666666666666 0.4341481481481481 0.027364583333333335 0.12635185185185185
2 0.5054479166666667 0.36276851851851855 0.03559895833333333 0.11532407407407406
1 0.5760625 0.41635185185185186 0.039078125 0.05692592592592592
0 0.561015625 0.4282685185185185 0.008755208333333332 0.018564814814814815
2 0.40400520833333337 0.29264814814814816 0.031057291666666667 0.10274074074074073