0 0.65625 0.7578981481481482 0.016921875 0.03431481481481482
2 0.709953125 0.7373703703703703 0.047510416666666666 0.16455555555555557
2 0.5945677083333333 0.6024907407407408 0.03679166666666667 0.13323148148148148
2 0.4871666666666667 0.4866666666666667 0.029026041666666665 0.12380555555555556
2 0.4287916666666666 0.5966111111111111 0.03466145833333333 0.14923148148148146
2 0.36775520833333336 0.6218888888888888 0.042807291666666664 0.1488611111111111
2 0.6956249999999999 0.5052592592592592 0.03577604166666667 0.13321296296296298
2 0.727984375 0.5046388888888889 0.045328125000000004 0.12035185185185185
2 0.3501927083333333 0.37274999999999997 0.024604166666666667 0.1135462962962963
2 0.4889427083333333 0.3047870370370371 0.0260625 0.10911111111111112
2 0.4355 0.28887962962962965 0.020739583333333332 0.1078611111111111
2 0.36121875 0.2531851851851852 0.023213541666666667 0.10358333333333333
2 0.22940624999999998 0.20285185185185187 0.025213541666666665 0.09321296296296297
2 0.23503645833333334 0.25580555555555556 0.033875 0.10643518518518519
1 0.6619218750000001 0.19431481481481483 0.023067708333333332 0.09927777777777777
3 0.203671875 0.38113888888888886 0.02713541666666667 0.12107407407407407