2 0.43847395833333336 0.7145648148148148 0.040828125 0.15585185185185185
2 0.24924479166666666 0.5235925925925926 0.03528645833333333 0.12064814814814816
2 0.5991562500000001 0.421962962962963 0.02628125 0.11648148148148148
2 0.3453958333333333 0.35653703703703704 0.044145833333333336 0.11649074074074074
2 0.21433854166666666 0.37833333333333335 0.03656770833333333 0.12359259259259259
2 0.181375 0.4239537037037037 0.042421875000000005 0.12475925925925926
2 0.4388385416666667 0.3978055555555556 0.044734375 0.12874074074074074
2 0.5264322916666667 0.4131296296296296 0.027604166666666666 0.11197222222222222
1 0.6599583333333333 0.37589814814814815 0.04184895833333333 0.08587037037037036
2 0.05626041666666667 0.3180648148148148 0.039859375 0.10958333333333332
2 0.29189583333333335 0.3672222222222222 0.044140625 0.09465740740740741
3 0.015916666666666666 0.33225 0.024890625 0.11838888888888889
2 0.4066458333333333 0.3227407407407407 0.030677083333333334 0.10586111111111111
2 0.4841770833333333 0.3669537037037037 0.05972916666666667 0.05383333333333334