2 0.18202604166666667 0.38245370370370374 0.035812500000000004 0.1287685185185185
2 0.37897916666666664 0.46129629629629626 0.03695833333333333 0.12612037037037038
2 0.17466145833333335 0.6173888888888889 0.04159375 0.16444444444444445
2 0.016677083333333335 0.3783611111111111 0.03334895833333333 0.1227314814814815
2 0.5584895833333333 0.40862037037037036 0.02903125 0.12429629629629631
2 0.3036770833333333 0.3264351851851852 0.031484375 0.09811111111111111
2 0.46684375 0.4138425925925926 0.027677083333333335 0.12496296296296297
2 0.519 0.38028703703703703 0.03340625 0.12301851851851853
1 0.7091979166666668 0.37550925925925926 0.031000000000000003 0.1262314814814815
2 0.36043749999999997 0.3200925925925926 0.028942708333333334 0.11385185185185184
2 0.09268229166666667 0.3046574074074074 0.033015625 0.09674999999999999
0 0.22084895833333332 0.39187037037037037 0.011359375 0.018611111111111113
2 0.6815885416666667 0.4520555555555556 0.027442708333333333 0.13485185185185183
2 0.3323177083333333 0.33489814814814817 0.033609375000000004 0.11006481481481482
2 0.350984375 0.3222037037037037 0.027489583333333335 0.09811111111111111
2 0.3323802083333333 0.36141666666666666 0.04993229166666667 0.04568518518518519
2 0.6811406249999999 0.4422962962962963 0.02764583333333333 0.13923148148148148