2 0.29046875 0.3628611111111111 0.028864583333333336 0.09583333333333334
2 0.865859375 0.7634814814814814 0.035984375 0.15261111111111111
1 0.70415625 0.3638703703703704 0.029052083333333333 0.0844537037037037
2 0.36388541666666663 0.5275740740740741 0.03804166666666667 0.11841666666666667
2 0.7576770833333334 0.6004074074074075 0.02903125 0.13108333333333333
2 0.41339583333333335 0.5870925925925925 0.034499999999999996 0.10991666666666666
3 0.07890625 0.5483333333333333 0.039984374999999996 0.12400925925925926
2 0.41636979166666666 0.4168703703703704 0.028270833333333335 0.09852777777777777
2 0.15830208333333334 0.417462962962963 0.03184895833333333 0.10705555555555556
2 0.025927083333333333 0.484212962962963 0.035145833333333334 0.11706481481481482
2 0.35419270833333333 0.435462962962963 0.027130208333333336 0.09764814814814814
2 0.23741666666666666 0.34994444444444445 0.027604166666666666 0.10467592592592592
2 0.5066666666666666 0.4926851851851852 0.03899479166666667 0.08264814814814815
2 0.4624010416666666 0.44245370370370374 0.030453125 0.08162037037037037
2 0.453859375 0.4873796296296296 0.0296875 0.10136111111111111
2 0.4364322916666667 0.5591111111111111 0.03186979166666667 0.11113888888888888
0 0.6410104166666667 0.30625925925925923 0.007145833333333334 0.015361111111111112