2 0.11880729166666668 0.3396388888888889 0.030130208333333335 0.09269444444444444
2 0.6300520833333334 0.7437314814814815 0.03633854166666666 0.15799074074074074
2 0.27014062499999997 0.4563148148148148 0.03000520833333333 0.10743518518518519
2 0.49423958333333334 0.3865555555555556 0.036598958333333334 0.09373148148148149
1 0.59740625 0.3496296296296296 0.028380208333333334 0.086
2 0.025463541666666666 0.3940925925925926 0.036369791666666665 0.11102777777777778
2 0.25049479166666666 0.3093333333333333 0.03344791666666667 0.09185185185185185
2 0.38707291666666666 0.42812962962962964 0.03028125 0.10214814814814814
2 0.347328125 0.33881481481481485 0.028968749999999998 0.0777962962962963
2 0.5801770833333334 0.4355925925925926 0.027166666666666665 0.10974074074074074
2 0.5611093749999999 0.45769444444444446 0.03147916666666666 0.09894444444444445
2 0.29561458333333335 0.3974074074074074 0.04253125 0.11764814814814815
2 0.3222760416666667 0.3681111111111111 0.032963541666666665 0.0994074074074074
2 0.3154166666666667 0.4048796296296296 0.033026041666666665 0.09955555555555555
0 0.24860416666666665 0.34582407407407406 0.010234374999999999 0.018027777777777778