2 0.27410416666666665 0.27949074074074076 0.022619791666666667 0.09789814814814815
2 0.14860416666666668 0.2907037037037037 0.025531250000000002 0.10387962962962963
2 0.45321874999999995 0.6843148148148147 0.044557291666666665 0.1607685185185185
2 0.3841354166666667 0.3191574074074074 0.034078125 0.09249074074074073
2 0.3936822916666667 0.5968240740740741 0.028510416666666667 0.1275925925925926
2 0.7085052083333333 0.7575555555555555 0.04494270833333334 0.16605555555555557
2 0.13509895833333332 0.2423425925925926 0.020833333333333332 0.08925
2 0.34522395833333336 0.32187037037037036 0.02909895833333333 0.09869444444444445
2 0.5163333333333333 0.5040370370370371 0.030244791666666666 0.10147222222222223
1 0.5226354166666667 0.22580555555555556 0.021239583333333333 0.09112962962962963
2 0.6648697916666666 0.6929722222222222 0.03525520833333333 0.15016666666666667
3 0.095296875 0.41303703703703704 0.036848958333333334 0.11835185185185185
2 0.6836614583333334 0.56125 0.053947916666666665 0.1243888888888889
2 0.7134270833333333 0.5619722222222222 0.03266145833333333 0.11924074074074074
0 0.72071875 0.8076944444444444 0.013052083333333332 0.029740740740740738
2 0.278921875 0.4139722222222222 0.023375 0.10366666666666666