2 0.12515104166666666 0.8057777777777778 0.0420625 0.14062037037037037
2 0.4213385416666667 0.521787037037037 0.03202083333333333 0.09262037037037037
2 0.51640625 0.564861111111111 0.026239583333333334 0.09797222222222222
2 0.38244791666666667 0.5745185185185185 0.027390625000000002 0.09640740740740741
2 0.693265625 0.5539444444444445 0.028088541666666668 0.07906481481481481
2 0.5061458333333333 0.4857314814814815 0.024265625000000002 0.08675
2 0.36446354166666667 0.5024814814814814 0.033578125 0.0869537037037037
2 0.130078125 0.5440555555555556 0.025854166666666668 0.10260185185185186
0 0.15711979166666667 0.5011111111111112 0.023869791666666664 0.08787037037037038
2 0.15583333333333332 0.5220092592592592 0.022130208333333335 0.0893148148148148
2 0.4019375 0.4839814814814815 0.025390625 0.08338888888888889
2 0.113984375 0.5268333333333334 0.02384375 0.10099074074074073
1 0.7219166666666667 0.5377592592592593 0.035145833333333334 0.0754537037037037
0 0.655921875 0.5603981481481481 0.00778125 0.014842592592592593