0 0.8713489583333334 0.44254629629629627 0.012489583333333333 0.022129629629629628
0 0.49869270833333335 0.3166111111111111 0.009885416666666667 0.018407407407407407
1 0.6279791666666666 0.3853888888888889 0.04346354166666667 0.10965740740740741
2 0.4313541666666667 0.6055925925925926 0.02625 0.12230555555555556
2 0.3247291666666667 0.5135555555555555 0.021333333333333333 0.11600925925925927
2 0.22223958333333332 0.42860185185185184 0.02364583333333333 0.10534259259259258
2 0.19712500000000002 0.41088888888888886 0.024661458333333334 0.10880555555555556
2 0.12202083333333333 0.5171944444444445 0.029453125 0.11216666666666666
2 0.31063541666666666 0.9305555555555556 0.04419270833333333 0.1388888888888889
2 0.06894270833333334 0.5265462962962962 0.032671874999999996 0.08087037037037037
2 0.038953125000000005 0.5470925925925926 0.03311458333333333 0.1312222222222222
2 0.08921875 0.3637222222222222 0.027390625000000002 0.09781481481481481
2 0.038390625 0.3839722222222222 0.027822916666666666 0.10127777777777777
2 0.044807291666666665 0.45149074074074075 0.03121875 0.11409259259259259