2 0.33578125000000003 0.5087685185185186 0.033192708333333334 0.1328888888888889
1 0.6609791666666667 0.39075925925925925 0.03322395833333333 0.09625925925925925
2 0.250171875 0.3635925925925926 0.03425520833333333 0.11416666666666667
2 0.7780520833333333 0.7858518518518519 0.036182291666666665 0.16778703703703704
2 0.18591666666666665 0.4746666666666667 0.022447916666666668 0.1311111111111111
2 0.09928125 0.4436018518518518 0.030895833333333334 0.1273888888888889
2 0.625 0.5286574074074074 0.028515625 0.1307777777777778
2 0.40057291666666667 0.4275185185185185 0.035765625 0.1216574074074074
2 0.5380729166666666 0.43889814814814815 0.0386875 0.12750925925925927
2 0.49644791666666666 0.5357962962962962 0.033265625 0.1275925925925926
2 0.40722916666666664 0.5171388888888889 0.029770833333333333 0.13396296296296298
2 0.29179166666666667 0.39370370370370367 0.022385416666666665 0.1115462962962963
2 0.47153645833333335 0.5451666666666667 0.035484375 0.13699074074074072
2 0.584421875 0.5341111111111111 0.06509375 0.050111111111111106
2 0.07159895833333334 0.5561296296296296 0.029427083333333333 0.13006481481481483
0 0.5258854166666667 0.3667314814814815 0.009890624999999998 0.02376851851851852
0 0.5805885416666666 0.3292407407407407 0.008520833333333333 0.013796296296296296
3 0.05359895833333333 0.5732592592592592 0.04078645833333334 0.13724999999999998