2 0.7066927083333333 0.7444999999999999 0.05921875 0.16240740740740742
2 0.6054791666666667 0.6348518518518519 0.040505208333333334 0.14175000000000001
2 0.6681406249999999 0.5133055555555556 0.037984375 0.11077777777777778
2 0.7044114583333333 0.5163055555555556 0.03625 0.11217592592592593
2 0.5059322916666666 0.48266666666666663 0.042166666666666665 0.12190740740740741
2 0.44556250000000003 0.6178055555555556 0.026536458333333336 0.1346111111111111
2 0.3929010416666667 0.6484907407407408 0.037697916666666664 0.14882407407407405
2 0.326140625 0.38834259259259263 0.02159895833333333 0.10664814814814816
2 0.4513333333333333 0.30974999999999997 0.04282291666666667 0.10771296296296295
2 0.398578125 0.29654629629629625 0.02158854166666667 0.10319444444444445
2 0.330453125 0.2676574074074074 0.022651041666666667 0.09592592592592591
2 0.21076041666666667 0.26991666666666664 0.024744791666666665 0.10549074074074075
2 0.201375 0.21649074074074073 0.018281250000000002 0.08281481481481481
0 0.726078125 0.7996944444444444 0.015645833333333335 0.026879629629629632
3 0.17076041666666666 0.39075925925925925 0.021442708333333334 0.11821296296296296
1 0.61546875 0.21122222222222223 0.020708333333333332 0.09585185185185185