3 0.49803125000000004 0.3514305555555556 0.0183828125 0.07786111111111112
3 0.77099609375 0.5297916666666667 0.029714843749999997 0.08537499999999999
1 0.80891796875 0.2621041666666667 0.01962109375 0.06984722222222223
1 0.39763281250000004 0.47374305555555557 0.04191796875 0.03846527777777778
2 0.43775000000000003 0.5063472222222222 0.02282421875 0.07618749999999999
2 0.562953125 0.43022222222222223 0.02211328125 0.08663888888888889
2 0.6211875 0.4669513888888889 0.02473828125 0.08270833333333333
2 0.6825234375 0.4117013888888889 0.02490234375 0.07340972222222222
2 0.71912890625 0.39412499999999995 0.01933203125 0.07991666666666666
2 0.8862500000000001 0.3725277777777778 0.026964843750000002 0.07640277777777778
2 0.9139843750000001 0.39084722222222223 0.023597656249999998 0.08129861111111111
2 0.7663046875 0.47273611111111113 0.02033203125 0.08634722222222223
2 0.66396875 0.7241458333333333 0.03217578125 0.09710416666666667
2 0.76735546875 0.5866180555555556 0.0214453125 0.09137500000000001