2 0.14058854166666668 0.5518518518518518 0.029437500000000002 0.12531481481481482
2 0.383375 0.9248703703703703 0.07577604166666667 0.15026851851851852
2 0.470703125 0.782537037037037 0.061000000000000006 0.1576759259259259
2 0.5815572916666666 0.6615740740740741 0.038114583333333334 0.1317962962962963
2 0.755984375 0.6404907407407407 0.037369791666666666 0.13222222222222224
2 0.7627552083333333 0.5859907407407408 0.024838541666666665 0.11950925925925926
2 0.8126822916666666 0.4802222222222222 0.031036458333333336 0.12189814814814816
2 0.7210625 0.45725 0.025166666666666667 0.1182037037037037
2 0.7592552083333334 0.4303148148148148 0.040515625000000006 0.10753703703703704
2 0.5904114583333333 0.507175925925926 0.03325 0.12237962962962962
2 0.49661458333333336 0.387712962962963 0.024479166666666666 0.11185185185185186
2 0.456328125 0.29833333333333334 0.026583333333333334 0.10901851851851851
2 0.3730833333333334 0.27619444444444446 0.02568229166666667 0.08943518518518519
2 0.32238020833333336 0.3169166666666666 0.04232291666666667 0.08691666666666667
2 0.3638958333333333 0.40119444444444446 0.028953125000000003 0.12028703703703704
2 0.35189583333333335 0.3946944444444444 0.019661458333333333 0.09802777777777778
2 0.185890625 0.3251759259259259 0.03496354166666667 0.09346296296296296
3 0.177734375 0.38875925925925925 0.025609375 0.10776851851851851
0 0.19450520833333332 0.3721296296296296 0.016098958333333333 0.02426851851851852