2 0.42119791666666667 0.699824074074074 0.035578125 0.1521851851851852
2 0.20011458333333335 0.5339166666666667 0.02618229166666667 0.12674999999999997
2 0.11014583333333333 0.4400833333333333 0.041312499999999995 0.13100925925925927
2 0.018026041666666666 0.32636111111111116 0.027067708333333333 0.11737037037037037
2 0.2915104166666667 0.3833611111111111 0.04040625 0.11542592592592592
2 0.4246666666666667 0.4007314814814815 0.03209375 0.12783333333333333
2 0.34053125 0.3276388888888889 0.028604166666666667 0.11212037037037037
2 0.3453802083333333 0.36348148148148146 0.023151041666666667 0.12151851851851853
2 0.5645625 0.4135740740740741 0.020223958333333333 0.11671296296296296
2 0.482046875 0.3997037037037037 0.023755208333333333 0.11252777777777778
2 0.41819270833333333 0.37407407407407406 0.06555208333333333 0.044444444444444446
1 0.58790625 0.3816851851851852 0.033468750000000005 0.07175