1 0.76053125 0.4503148148148148 0.07408854166666666 0.06393518518518518
2 0.12523437499999998 0.3528703703703704 0.028874999999999998 0.12324074074074073
2 0.3329479166666667 0.5229814814814815 0.037109375 0.1638148148148148
2 0.3809635416666667 0.5590925925925926 0.03332291666666667 0.1485
2 0.3789375 0.6978981481481482 0.034390625 0.16818518518518516
2 0.3736197916666667 0.9221388888888888 0.047427083333333335 0.15572222222222223
2 0.5527447916666667 0.677574074074074 0.026890625 0.16491666666666668
2 0.6055572916666667 0.617824074074074 0.0435 0.17007407407407407
2 0.43191666666666667 0.36927777777777776 0.026708333333333334 0.13249074074074074
2 0.4483958333333333 0.39652777777777776 0.029343750000000002 0.1497037037037037
0 0.21180208333333334 0.22152777777777777 0.012614583333333334 0.022185185185185186