2 0.95360546875 0.6215972222222222 0.0243984375 0.11025694444444445
2 0.9599062500000001 0.3852569444444444 0.03394140625 0.09278472222222223
2 0.615734375 0.27825694444444443 0.01941796875 0.07635416666666667
2 0.46237500000000004 0.3693680555555555 0.027433593750000002 0.08000694444444444
2 0.527734375 0.47884027777777777 0.037609375 0.08267361111111111
2 0.5827617187499999 0.42963888888888885 0.030609375 0.08778472222222222
2 0.38339453125 0.46456250000000004 0.03129296875 0.07991666666666666
2 0.321671875 0.5302430555555555 0.025039062499999997 0.09222916666666667
2 0.19348828125 0.5938680555555556 0.030953124999999998 0.0984513888888889
2 0.03617578125 0.7575416666666666 0.028824218750000002 0.1261875
2 0.29295312500000004 0.7091388888888889 0.025640625 0.11271527777777778
2 0.41382421875000003 0.5471527777777777 0.03300390625 0.09827777777777778
2 0.34054687499999997 0.8521319444444444 0.030421874999999998 0.12886805555555556
2 0.65145703125 0.9153125 0.032828125 0.13420138888888888
2 0.599046875 0.7339027777777777 0.02733203125 0.11559027777777776
2 0.47719140624999995 0.5339722222222222 0.02469140625 0.08580555555555555
3 0.50333984375 0.6012569444444444 0.02680078125 0.10528472222222224
3 0.36422656249999996 0.16595833333333332 0.01974609375 0.06802083333333334
3 0.78931640625 0.07289583333333333 0.02059765625 0.058486111111111114
0 0.46413671875 0.5502291666666667 0.010859375000000001 0.023069444444444445
1 0.22516796874999997 0.28097222222222223 0.02805078125 0.07186111111111111