2 0.8236510416666667 0.5473796296296296 0.041401041666666666 0.12871296296296295
0 0.8230833333333333 0.5804722222222222 0.015958333333333335 0.025138888888888888
1 0.7949895833333334 0.37819444444444444 0.03730208333333333 0.10824074074074075
2 0.566640625 0.5825 0.03259375 0.13722222222222222
2 0.563984375 0.4865185185185186 0.033484375000000004 0.1180925925925926
2 0.5352760416666666 0.4467777777777778 0.04839583333333333 0.11887037037037036
2 0.38703645833333333 0.40191666666666664 0.041895833333333334 0.10322222222222223
2 0.43105208333333334 0.6019907407407408 0.04082291666666667 0.13299074074074074
2 0.46171354166666667 0.49868518518518523 0.045322916666666664 0.11122222222222222
2 0.32046874999999997 0.3649444444444444 0.047953125 0.09797222222222222
2 0.10248958333333333 0.2775925925925926 0.0398125 0.10148148148148148
2 0.176953125 0.46349999999999997 0.05266666666666667 0.12717592592592591
2 0.22818229166666668 0.5460648148148148 0.050578125 0.12917592592592592
2 0.10774479166666667 0.7070925925925926 0.03733854166666666 0.14567592592592593
2 0.23594270833333333 0.7047592592592592 0.03941666666666667 0.14407407407407408
2 0.009546875 0.36018518518518516 0.019098958333333336 0.09074074074074075
3 0.016494791666666668 0.44930555555555557 0.032984374999999996 0.12030555555555557