0 0.24015104166666665 0.3599722222222222 0.02197395833333333 0.0297037037037037
2 0.10465624999999999 0.3654814814814815 0.06726562500000001 0.11648148148148148
2 0.21246875 0.601787037037037 0.04614583333333333 0.16317592592592592
2 0.1987708333333333 0.37962962962962965 0.022546875 0.11279629629629628
2 0.13570833333333335 0.2902777777777778 0.02804166666666667 0.10581481481481482
2 0.3250208333333333 0.32487962962962963 0.027875 0.10093518518518518
2 0.38567708333333334 0.3211203703703704 0.021838541666666666 0.10733333333333334
2 0.38991666666666663 0.3529537037037037 0.055390625 0.051027777777777776
2 0.4051354166666667 0.4537777777777778 0.025229166666666667 0.13314814814814815
2 0.382734375 0.3152962962962963 0.027140624999999998 0.10869444444444444
2 0.48966666666666664 0.40981481481481485 0.039942708333333334 0.1192962962962963
2 0.43588020833333335 0.335 0.02422916666666667 0.10939814814814815
2 0.5260625 0.3727129629629629 0.031000000000000003 0.12925925925925924
2 0.5810937500000001 0.41003703703703703 0.040026041666666665 0.11974074074074073
2 0.7286354166666666 0.44213888888888886 0.025447916666666667 0.13323148148148148
2 0.753046875 0.4553333333333333 0.029885416666666668 0.13120370370370368
1 0.7708072916666667 0.37792592592592594 0.03224479166666667 0.11275925925925925