0 0.4700520833333333 0.28659259259259257 0.011973958333333333 0.02688888888888889
0 0.6208125 0.31574074074074077 0.009333333333333334 0.018509259259259257
3 0.07675520833333334 0.5542314814814815 0.02850520833333333 0.12512962962962962
1 0.680953125 0.37346296296296294 0.033776041666666666 0.08395370370370371
2 0.15272395833333335 0.4272685185185185 0.022114583333333333 0.11935185185185186
2 0.06536458333333334 0.4983425925925926 0.043229166666666666 0.11521296296296298
2 0.23256249999999998 0.3597222222222222 0.03179166666666667 0.1083425925925926
2 0.28451041666666665 0.44651851851851854 0.023192708333333333 0.11711111111111111
2 0.297796875 0.37372222222222223 0.025244791666666665 0.09929629629629629
2 0.37040625 0.5000740740740741 0.03247916666666666 0.13162962962962962
2 0.388546875 0.4258888888888889 0.029156249999999998 0.10363888888888889
2 0.44113020833333333 0.4577962962962963 0.045807291666666666 0.11374074074074074
2 0.5481354166666667 0.5331574074074074 0.03272395833333333 0.12372222222222222
2 0.44182812499999996 0.5529907407407407 0.030526041666666667 0.11153703703703703
2 0.7148541666666667 0.5670000000000001 0.027630208333333333 0.11547222222222221
2 0.8449583333333333 0.769287037037037 0.036786458333333334 0.1607962962962963
2 0.4614322916666667 0.5039351851851852 0.05942708333333333 0.07547222222222223