0 0.27323437500000003 0.3297407407407407 0.009588541666666667 0.02060185185185185
0 0.27190624999999996 0.25378703703703703 0.008401041666666666 0.020537037037037038
0 0.6813489583333333 0.40675 0.009572916666666665 0.019046296296296297
1 0.723609375 0.4465462962962963 0.019442708333333333 0.12457407407407407
2 0.2981666666666667 0.31875925925925924 0.03179166666666667 0.09307407407407407
2 0.11203645833333334 0.44853703703703707 0.03553125 0.11437962962962964
2 0.021875 0.8039537037037037 0.04375 0.1616203703703704
2 0.47220833333333334 0.8633981481481482 0.03713020833333334 0.16199074074074074
2 0.7685677083333334 0.9349444444444445 0.04026041666666667 0.13010185185185183
2 0.46680208333333334 0.6648981481481482 0.029437500000000002 0.14307407407407408
2 0.3115364583333333 0.5909074074074073 0.02723958333333333 0.12255555555555557
2 0.3612604166666667 0.5421388888888888 0.038614583333333334 0.1216388888888889
2 0.6078229166666667 0.49236111111111114 0.03526041666666667 0.12546296296296297
2 0.5598802083333333 0.48774999999999996 0.03330208333333333 0.13105555555555554
2 0.48321354166666663 0.4312962962962963 0.046640625 0.10518518518518517
2 0.42019270833333333 0.435037037037037 0.02996875 0.11637962962962962
2 0.38267708333333333 0.3851759259259259 0.028890625 0.09256481481481481