2 0.5360729166666667 0.525425925925926 0.028395833333333335 0.12599074074074074
2 0.5693802083333334 0.6223703703703704 0.03355729166666667 0.12998148148148148
2 0.529296875 0.43060185185185185 0.035671875 0.1000925925925926
2 0.4427395833333333 0.509074074074074 0.026104166666666664 0.12555555555555556
2 0.41553645833333336 0.45622222222222225 0.03663020833333333 0.1198425925925926
2 0.3912864583333333 0.43583333333333335 0.028401041666666668 0.11425925925925927
2 0.37973958333333335 0.49387037037037035 0.03968229166666667 0.12017592592592592
2 0.31590104166666666 0.5755925925925925 0.028677083333333336 0.13637037037037036
2 0.15285416666666668 0.6893796296296296 0.04008333333333333 0.14727777777777779
2 0.022489583333333334 0.672611111111111 0.030401041666666666 0.14891666666666667
2 0.13496875 0.406 0.03154166666666667 0.11940740740740742
2 0.03241666666666667 0.6465277777777778 0.036203125 0.1405648148148148
1 0.5633437499999999 0.48575 0.03164583333333333 0.11369444444444445
3 0.11017708333333333 0.4437962962962963 0.035984375 0.1283425925925926