2 0.018791666666666665 0.7521018518518519 0.037578125000000004 0.16121296296296297
2 0.7407968749999999 0.6532685185185185 0.042890624999999995 0.15508333333333335
2 0.3916354166666667 0.6323425925925925 0.037859375 0.15325
2 0.27184375000000005 0.5250740740740741 0.034276041666666666 0.13262037037037036
2 0.08999479166666666 0.4018148148148148 0.034609375000000005 0.12528703703703703
2 0.13942708333333334 0.4941296296296296 0.038135416666666665 0.13830555555555557
2 0.1963072916666667 0.3886574074074074 0.03722916666666667 0.12735185185185185
2 0.27053125 0.4374351851851852 0.037989583333333334 0.1391666666666667
1 0.66553125 0.482712962962963 0.07159375 0.05296296296296297
0 0.7404062499999999 0.4507129629629629 0.013010416666666667 0.02937037037037037
2 0.07013020833333333 0.6521388888888888 0.07336979166666667 0.16471296296296295