2 0.23219791666666667 0.43549074074074073 0.022932291666666667 0.09068518518518519
2 0.2615989583333333 0.5886574074074075 0.034270833333333334 0.12574074074074076
2 0.2857708333333333 0.6985277777777777 0.034609375000000005 0.1336574074074074
2 0.7306197916666667 0.5589629629629629 0.025572916666666667 0.11360185185185186
2 0.07163541666666666 0.5542222222222222 0.03297395833333334 0.09957407407407408
2 0.47770833333333335 0.5298888888888889 0.029072916666666667 0.11462962962962962
2 0.045432291666666666 0.5256944444444445 0.028036458333333333 0.057694444444444444
2 0.46681249999999996 0.4949907407407408 0.022453125 0.10380555555555555
1 0.6540364583333333 0.4857685185185185 0.030442708333333336 0.10962962962962963
2 0.7702760416666667 0.5528518518518519 0.03006770833333333 0.11756481481481482
2 0.5373385416666667 0.4676111111111111 0.030739583333333334 0.09874074074074074
0 0.6439687500000001 0.4795740740740741 0.01046875 0.02312962962962963
3 0.1907708333333333 0.5034722222222222 0.04061979166666666 0.09575