2 0.7507291666666667 0.699962962962963 0.047296875 0.1465
1 0.6739739583333333 0.33555555555555555 0.03609375 0.09448148148148149
2 0.38364583333333335 0.6311296296296296 0.05272916666666667 0.1386574074074074
2 0.565484375 0.6496666666666666 0.040614583333333336 0.11602777777777779
2 0.17300000000000001 0.7412314814814814 0.03280208333333333 0.1489814814814815
2 0.23040104166666667 0.7096944444444445 0.03775520833333333 0.1638148148148148
2 0.01825520833333333 0.3863055555555555 0.03650520833333334 0.10433333333333333
2 0.491203125 0.45964814814814814 0.030411458333333332 0.12469444444444443
2 0.6679895833333334 0.6482592592592593 0.043619791666666664 0.1325648148148148
2 0.40145312499999997 0.48462037037037037 0.03193229166666667 0.1239074074074074
2 0.9271770833333334 0.9286851851851852 0.05973958333333333 0.14262962962962963
2 0.6755885416666667 0.8220277777777777 0.03255729166666667 0.15655555555555556
2 0.06844791666666666 0.9440092592592593 0.05663541666666667 0.11197222222222222
2 0.7885104166666667 0.664861111111111 0.030359375 0.14282407407407408
2 0.42084375 0.3478425925925926 0.03644791666666667 0.0862962962962963
2 0.33135416666666667 0.33558333333333334 0.03384375 0.10387037037037038
2 0.11461458333333334 0.9514259259259259 0.038786458333333336 0.09714814814814815
3 0.011802083333333333 0.7664629629629629 0.023604166666666666 0.16321296296296298
0 0.42094270833333336 0.34132407407407406 0.012333333333333333 0.015981481481481482
2 0.4820052083333334 0.4100462962962963 0.034088541666666666 0.06756481481481481