2 0.146890625 0.4405555555555556 0.029583333333333333 0.13299999999999998
2 0.7534270833333333 0.3978148148148148 0.03864583333333334 0.12384259259259259
2 0.46394270833333334 0.38980555555555557 0.034005208333333335 0.10273148148148148
1 0.9321041666666667 0.33940740740740744 0.026875 0.11326851851851852
2 0.3904947916666667 0.38376851851851856 0.035656249999999994 0.10029629629629629
2 0.16644791666666667 0.27931481481481485 0.040989583333333336 0.09868518518518518
2 0.30930729166666665 0.29235185185185186 0.020947916666666667 0.10192592592592592
2 0.6873489583333333 0.43855555555555553 0.029864583333333337 0.13472222222222222
2 0.8414895833333333 0.45275925925925925 0.030583333333333334 0.14035185185185187
2 0.7404270833333333 0.6486388888888889 0.031359375 0.16475925925925924
2 0.1794375 0.35610185185185184 0.04197395833333333 0.11330555555555556
2 0.4163645833333333 0.35125925925925927 0.02627604166666667 0.10737962962962963
2 0.48490625 0.36376851851851855 0.032875 0.10122222222222221
2 0.9057499999999999 0.49362962962962964 0.03034375 0.14151851851851852
2 0.464203125 0.53975 0.03389583333333333 0.15366666666666667
2 0.8810208333333333 0.5017777777777778 0.030791666666666665 0.14446296296296296
3 0.25278645833333335 0.4469444444444444 0.029249999999999998 0.13462962962962963
2 0.39037499999999997 0.8582592592592592 0.03927083333333334 0.1946388888888889
2 0.5987239583333334 0.914212962962963 0.03646354166666667 0.17157407407407407