2 0.2451354166666667 0.4855277777777778 0.03338541666666666 0.1374351851851852
2 0.45713020833333334 0.36862962962962964 0.030390625 0.10212037037037038
2 0.40113541666666663 0.5876851851851852 0.051666666666666666 0.13590740740740742
2 0.536984375 0.45157407407407407 0.032156250000000004 0.12275
2 0.2818229166666667 0.5561666666666666 0.035854166666666666 0.15022222222222223
2 0.3911770833333333 0.44989814814814816 0.03694270833333334 0.10765740740740741
2 0.294859375 0.35717592592592595 0.027536458333333333 0.11277777777777777
2 0.6752187500000001 0.48262962962962963 0.030796875 0.12725
2 0.5596875 0.39216666666666666 0.029291666666666667 0.1096111111111111
2 0.19624479166666667 0.38639814814814816 0.024869791666666665 0.11112037037037037
2 0.14660937500000001 0.3433240740740741 0.028046875000000002 0.10276851851851851
2 0.5282604166666667 0.38566666666666666 0.03672916666666667 0.07731481481481481
2 0.1643125 0.3710185185185185 0.025901041666666666 0.1084537037037037
2 0.4054895833333333 0.38301851851851854 0.02606770833333333 0.10814814814814815
1 0.9459166666666667 0.3845462962962963 0.027369791666666664 0.10784259259259259
2 0.42795833333333333 0.3722037037037037 0.03277083333333333 0.09242592592592593
2 0.4130260416666667 0.4008703703703704 0.033177083333333336 0.11005555555555556
3 0.02033333333333333 0.42262037037037037 0.037036458333333334 0.12915740740740742
2 0.529953125 0.6935185185185185 0.07659375 0.17962962962962964