2 0.5243854166666667 0.5930555555555556 0.03247395833333334 0.12468518518518518
2 0.68615625 0.7656018518518519 0.043578125 0.14533333333333334
2 0.63590625 0.6752777777777778 0.032890625 0.13339814814814815
2 0.43247395833333335 0.571111111111111 0.033255208333333335 0.12357407407407409
2 0.14122395833333332 0.4386481481481482 0.02725 0.10426851851851852
2 0.16518750000000001 0.37677777777777777 0.025458333333333336 0.07898148148148147
1 0.5251197916666667 0.3992685185185185 0.029062499999999998 0.09041666666666667
2 0.41834375 0.47712962962962957 0.03228125 0.10211111111111111
2 0.30566666666666664 0.42515740740740743 0.028359375000000003 0.08074999999999999
2 0.39915104166666665 0.4411481481481481 0.038036458333333335 0.07421296296296297
2 0.389015625 0.7830462962962963 0.049895833333333334 0.12848148148148147
2 0.27869791666666666 0.3953148148148148 0.023661458333333333 0.07715740740740741
0 0.41341666666666665 0.3888425925925926 0.010812500000000001 0.018212962962962966
2 0.2684270833333333 0.4063333333333333 0.030203125 0.07873148148148149
2 0.38769791666666664 0.7304259259259259 0.044796875 0.14392592592592593
2 0.388640625 0.4693055555555556 0.023489583333333335 0.08844444444444444
2 0.3129739583333333 0.40644444444444444 0.02840625 0.0872962962962963