1 0.7099583333333332 0.3585833333333333 0.03697395833333333 0.10322222222222223
2 0.32993229166666665 0.4677962962962963 0.037432291666666666 0.13505555555555557
2 0.3829166666666667 0.3310925925925926 0.030901041666666667 0.1218425925925926
2 0.48918229166666666 0.6000555555555555 0.039234375 0.15883333333333333
2 0.16501041666666666 0.45599074074074075 0.034015625 0.12968518518518518
2 0.42484375 0.7288981481481481 0.04971875 0.12666666666666668
2 0.5339166666666666 0.5059814814814815 0.03728125 0.1307777777777778
2 0.4344322916666667 0.4925 0.038802083333333334 0.13780555555555557
2 0.28915624999999995 0.5549537037037037 0.03303645833333333 0.12914814814814815
2 0.29384374999999996 0.29808333333333337 0.024921875 0.1086111111111111
2 0.011307291666666667 0.19697222222222222 0.022609374999999998 0.10616666666666666
3 0.017322916666666667 0.3742777777777778 0.034645833333333334 0.12787037037037036
2 0.41093229166666667 0.35286111111111107 0.03736458333333333 0.11091666666666668
2 0.08683333333333333 0.34412037037037035 0.02959375 0.1079537037037037
2 0.48175 0.41909259259259257 0.047572916666666666 0.12813888888888889
0 0.4443958333333333 0.7585740740740741 0.018203125 0.029324074074074075
2 0.446890625 0.3767314814814815 0.030161458333333332 0.12306481481481481
2 0.4689166666666667 0.37007407407407406 0.018635416666666668 0.10252777777777779
2 0.446140625 0.3575833333333333 0.023255208333333333 0.12594444444444444
2 0.45896875000000004 0.37171296296296297 0.012635416666666668 0.11042592592592593