2 0.14748958333333334 0.582787037037037 0.03018229166666667 0.13115740740740742
2 0.6806875 0.6907037037037037 0.033484375000000004 0.13467592592592592
2 0.5869635416666666 0.6811388888888888 0.030583333333333334 0.13240740740740742
2 0.493875 0.7912777777777779 0.06403645833333334 0.15468518518518518
2 0.5922239583333333 0.5114907407407407 0.026239583333333334 0.1183425925925926
2 0.39610416666666665 0.4175462962962963 0.03540625 0.10653703703703704
2 0.28785937500000003 0.9319351851851851 0.04492708333333333 0.1284722222222222
2 0.7481145833333334 0.5929351851851852 0.042890624999999995 0.12316666666666667
2 0.5012656249999999 0.3902685185185185 0.02884375 0.10500925925925926
3 0.17277083333333335 0.4020648148148148 0.022958333333333334 0.10601851851851851
2 0.46228125000000003 0.3109166666666667 0.025916666666666664 0.08989814814814816
2 0.7995833333333333 0.4781759259259259 0.025895833333333333 0.10984259259259259
2 0.3457864583333333 0.31133333333333335 0.024078125 0.08570370370370371
2 0.7328802083333333 0.4199074074074074 0.03303125 0.11010185185185185
2 0.7236145833333333 0.475212962962963 0.021385416666666667 0.11442592592592593
2 0.39581770833333335 0.2838888888888889 0.023208333333333334 0.08802777777777777
2 0.3683125 0.4277222222222222 0.022244791666666666 0.11064814814814815
2 0.18874479166666666 0.31725925925925924 0.02365625 0.09795370370370371
0 0.1959375 0.3568518518518518 0.012020833333333333 0.02123148148148148