3 0.8469453124999999 0.4830972222222222 0.03403515625 0.09008333333333333
2 0.335125 0.82025 0.033460937499999996 0.11950694444444444
2 0.740609375 0.5334444444444444 0.044859375 0.09745833333333334
3 0.28253125 0.25359027777777776 0.021156249999999998 0.07677083333333333
2 0.78792578125 0.31085416666666665 0.03031640625 0.07548611111111111
2 0.43109765624999996 0.5832847222222222 0.027625 0.09348611111111112
1 0.10508984375 0.3928333333333333 0.0265078125 0.08633333333333333
2 0.94385546875 0.2375 0.03159765625 0.07595833333333334
2 0.88500390625 0.36954166666666666 0.0246015625 0.07911805555555557
2 0.76987890625 0.44334722222222217 0.04098046875 0.079
2 0.6336445312500001 0.38811111111111113 0.02421484375 0.07914583333333333
2 0.9166367187500001 0.5327361111111111 0.0321640625 0.08247222222222222
2 0.782296875 0.38352777777777775 0.030105468749999996 0.07645138888888889
2 0.5577265625 0.43188194444444444 0.042390625 0.07440277777777778
2 0.86281640625 0.8214166666666666 0.022593750000000003 0.11493055555555555
3 0.8313046875 0.17547222222222222 0.019765625000000002 0.06846527777777778
0 0.7198515624999999 0.5627291666666667 0.010011718749999999 0.021291666666666667