2 0.30613541666666666 0.8187777777777777 0.04083333333333334 0.16242592592592592
2 0.5945364583333334 0.6584814814814814 0.035609375000000006 0.1315
2 0.6335052083333333 0.7641666666666667 0.030369791666666666 0.14150925925925928
2 0.2522552083333333 0.47129629629629627 0.022588541666666666 0.10112037037037036
2 0.346703125 0.46597222222222223 0.033609375000000004 0.10407407407407408
2 0.5491770833333334 0.5591018518518519 0.042874999999999996 0.12297222222222222
2 0.15683854166666666 0.5372685185185185 0.03123958333333333 0.12775
2 0.22931770833333334 0.6535370370370371 0.032135416666666666 0.12379629629629628
2 0.4935625 0.4801666666666667 0.025119791666666665 0.11015740740740741
2 0.40897916666666667 0.446537037037037 0.026911458333333336 0.10221296296296296
2 0.3165729166666667 0.4553888888888889 0.025260416666666667 0.09499074074074075
1 0.44775 0.4782222222222222 0.034640625 0.0634537037037037
2 0.5337239583333333 0.5163333333333333 0.025885416666666668 0.0849074074074074
0 0.8255 0.5471296296296296 0.013755208333333333 0.02489814814814815
2 0.984890625 0.19131481481481483 0.015401041666666667 0.07774074074074074
0 0.354375 0.41766666666666663 0.01178125 0.02051851851851852
0 0.4148854166666667 0.40769444444444447 0.01065625 0.019092592592592595