2 0.5039114583333333 0.6902777777777778 0.061140625 0.1295462962962963
2 0.3629322916666667 0.5654537037037037 0.03447395833333333 0.1360462962962963
2 0.08752604166666668 0.6041018518518518 0.03139583333333333 0.1363425925925926
2 0.30795833333333333 0.6697777777777778 0.0333125 0.15224074074074073
2 0.147390625 0.59325 0.026265625 0.14015740740740742
2 0.5412916666666666 0.5630277777777778 0.03006770833333333 0.11920370370370371
2 0.7225 0.5783703703703703 0.04819791666666667 0.12298148148148147
2 0.6081770833333333 0.5025462962962963 0.028755208333333334 0.12791666666666668
2 0.5279583333333333 0.46997222222222224 0.03216145833333333 0.11758333333333333
3 0.088578125 0.5217777777777778 0.03522395833333333 0.13216666666666668
2 0.6954999999999999 0.5744537037037036 0.039760416666666666 0.11768518518518518
2 0.6557916666666667 0.5196203703703705 0.021942708333333335 0.1221111111111111
2 0.5474635416666668 0.4818981481481482 0.02584375 0.14308333333333334
1 0.728609375 0.5181296296296297 0.04021875 0.13744444444444445
0 0.852359375 0.5591851851851851 0.015328125 0.024092592592592593
2 0.17359895833333333 0.33885185185185185 0.029552083333333333 0.10108333333333333
2 0.593328125 0.46820370370370373 0.026625 0.12327777777777776
2 0.7003541666666667 0.5143981481481481 0.028546875000000003 0.12475925925925926
2 0.7381614583333334 0.529324074074074 0.020828125 0.11420370370370371