1 0.82171875 0.3207592592592593 0.030119791666666666 0.0880925925925926
2 0.7849427083333332 0.6754444444444445 0.032 0.14845370370370373
2 0.7627343750000001 0.5285092592592592 0.032979166666666664 0.12337962962962963
3 0.20646354166666667 0.43242592592592594 0.028234375 0.11436111111111112
2 0.423046875 0.3272222222222222 0.03293229166666666 0.09275925925925926
2 0.710671875 0.4234074074074074 0.029489583333333333 0.12212037037037035
2 0.4965833333333334 0.4027777777777778 0.03954166666666667 0.14651851851851852
2 0.33150520833333336 0.2993333333333333 0.02775 0.10978703703703703
2 0.14250000000000002 0.5128148148148148 0.038593749999999996 0.1358425925925926
2 0.35353124999999996 0.40825 0.029807291666666666 0.11581481481481481
2 0.06878125 0.6280092592592592 0.029166666666666667 0.15527777777777776
2 0.6146875 0.4990277777777778 0.029755208333333335 0.12477777777777777
2 0.3700677083333333 0.5346944444444445 0.04077604166666667 0.11851851851851852
2 0.04650520833333334 0.3588425925925926 0.02871875 0.11192592592592591
2 0.6402187500000001 0.37854629629629627 0.029328125 0.10305555555555555
2 0.2806666666666667 0.5017222222222222 0.053453125 0.10880555555555556
2 0.49591145833333333 0.4674814814814815 0.03286979166666667 0.10756481481481482
2 0.22316666666666668 0.5430277777777778 0.0308125 0.1355
2 0.31261458333333336 0.3728518518518519 0.026197916666666664 0.11059259259259259
2 0.6045104166666667 0.44831481481481483 0.027322916666666665 0.10246296296296296
0 0.7409635416666667 0.2639444444444444 0.010390624999999999 0.018166666666666668
0 0.38264062499999996 0.5607222222222222 0.0143125 0.024435185185185185