2 0.6001927083333333 0.7529722222222223 0.03009375 0.13567592592592592
2 0.3926145833333334 0.8801018518518519 0.029854166666666668 0.1482037037037037
2 0.1043125 0.44116666666666665 0.032953125 0.11417592592592593
2 0.018588541666666666 0.32305555555555554 0.025343749999999998 0.10333333333333333
1 0.27854687499999997 0.28218518518518515 0.026822916666666665 0.09566666666666666
2 0.6604114583333334 0.5772407407407407 0.024203125 0.11636111111111111
2 0.12072395833333333 0.391037037037037 0.026375 0.10521296296296295
2 0.18609375 0.36165740740740737 0.019421874999999998 0.10437962962962963
2 0.8882604166666667 0.7069074074074074 0.03569791666666667 0.1274814814814815
0 0.8498854166666666 0.7633981481481482 0.015098958333333332 0.025842592592592594
3 0.99128125 0.7067037037037037 0.01690104166666667 0.1432314814814815
2 0.8822500000000001 0.6959722222222222 0.034390625 0.10912037037037037