2 0.6405833333333334 0.7320648148148148 0.040203125 0.1549351851851852
2 0.5735520833333333 0.46662037037037035 0.04319791666666666 0.11587037037037037
2 0.8001354166666667 0.6215555555555555 0.035619791666666664 0.137
2 0.4433697916666667 0.5636018518518519 0.047093750000000004 0.12662962962962962
2 0.49668229166666666 0.3650462962962963 0.046140625000000005 0.1004074074074074
2 0.06277604166666667 0.4487777777777778 0.04495833333333333 0.1154074074074074
2 0.45763020833333334 0.3159259259259259 0.03116666666666667 0.09142592592592592
2 0.6479947916666667 0.4513888888888889 0.03277083333333333 0.12624074074074074
2 0.36244791666666665 0.2800092592592593 0.027682291666666668 0.10021296296296296
2 0.42415625 0.4213425925925926 0.039901041666666665 0.12038888888888889
2 0.437984375 0.39075925925925925 0.026364583333333334 0.10857407407407407
0 0.3711041666666667 0.31930555555555556 0.010197916666666666 0.01739814814814815