1 0.6117812499999999 0.27894444444444444 0.024473958333333334 0.08644444444444445
2 0.5763802083333334 0.5116944444444445 0.0545625 0.11739814814814815
2 0.28825 0.42948148148148146 0.033125 0.10337037037037038
2 0.23439583333333333 0.5841666666666666 0.02608854166666667 0.1426666666666667
2 0.3179635416666667 0.36592592592592593 0.03441145833333333 0.10206481481481482
2 0.176484375 0.35418518518518516 0.029848958333333335 0.10862037037037037
2 0.474796875 0.6033703703703703 0.03707291666666667 0.10707407407407407
2 0.4273854166666667 0.6522129629629629 0.032703125 0.1297037037037037
2 0.3382604166666667 0.5406481481481481 0.03272395833333333 0.13674074074074075
2 0.42746354166666667 0.45867592592592593 0.03359895833333334 0.11566666666666667
2 0.4622395833333333 0.4465 0.03797916666666667 0.09602777777777777
2 0.68071875 0.6626481481481481 0.032880208333333334 0.14610185185185184
2 0.21988541666666667 0.5055648148148149 0.026322916666666665 0.11420370370370371
2 0.35724999999999996 0.34526851851851853 0.03991666666666667 0.08271296296296296
2 0.13556770833333334 0.26637037037037037 0.023864583333333335 0.0972962962962963
2 0.6932083333333333 0.5972777777777777 0.030385416666666668 0.10869444444444444
3 0.11145833333333334 0.4364722222222222 0.025755208333333335 0.11512962962962964
2 0.23530729166666667 0.30521296296296296 0.01885416666666667 0.09178703703703703
0 0.5432291666666667 0.22416666666666665 0.00765625 0.019407407407407408
0 0.5737291666666666 0.5854722222222222 0.0139375 0.024481481481481483