1 0.270046875 0.40370833333333334 0.023929687499999998 0.07527083333333333
3 0.41394921875 0.28475694444444444 0.0176328125 0.06752777777777777
3 0.6899765625 0.6296319444444444 0.031742187500000005 0.08862500000000001
3 0.8360820312499999 0.19033333333333333 0.02261328125 0.06122222222222222
0 0.2906796875 0.7109583333333334 0.01127734375 0.019145833333333334
2 0.28340624999999997 0.6821041666666667 0.02774609375 0.09635416666666667
2 0.46508593749999994 0.5139444444444444 0.039546874999999995 0.08939583333333333
2 0.5676015624999999 0.5300833333333334 0.0325234375 0.08993055555555556
2 0.63746875 0.5516805555555555 0.025222656249999996 0.08352777777777778
2 0.81026953125 0.49379166666666663 0.0290234375 0.08480555555555556
2 0.9335000000000001 0.42475 0.0266015625 0.08163888888888889
2 0.91074609375 0.3072083333333333 0.0235 0.06283333333333334
2 0.80141796875 0.3912152777777778 0.0219375 0.08203472222222222
2 0.67536328125 0.3695138888888889 0.0298515625 0.07434722222222222
2 0.66436328125 0.3616597222222222 0.02276171875 0.0679375
2 0.5771640625 0.3945694444444444 0.02375 0.08279166666666667
2 0.3280390625 0.6171249999999999 0.02583984375 0.08147916666666667
2 0.70450390625 0.8601805555555556 0.041824218749999996 0.11322222222222221
2 0.66048046875 0.8217083333333334 0.03524609375 0.10770138888888889