2 0.55869140625 0.8616597222222222 0.0336796875 0.11499305555555556
2 0.58598828125 0.6796180555555555 0.02465234375 0.10526388888888889
2 0.54743359375 0.631548611111111 0.025671875 0.09121527777777777
2 0.42499609375 0.7699166666666667 0.0397265625 0.1092777777777778
2 0.33921484375 0.610625 0.03056640625 0.09824305555555556
2 0.40504687500000003 0.6931319444444445 0.0321953125 0.08468055555555555
2 0.46858984374999996 0.46825694444444443 0.0275859375 0.08929861111111112
2 0.8137343749999999 0.5724583333333334 0.03148828125 0.10325694444444444
2 0.7927109375 0.38695833333333335 0.03185546875 0.08542361111111112
2 0.9414765624999999 0.41486805555555556 0.02469140625 0.0856875
2 0.98500390625 0.3049861111111111 0.0299921875 0.07822916666666667
2 0.9843632812499999 0.24754861111111112 0.02229296875 0.07049305555555556
2 0.6715859375 0.26555555555555554 0.027328124999999998 0.06681944444444445
2 0.6140546875 0.3030069444444444 0.028335937500000002 0.0742638888888889
2 0.57444140625 0.31585416666666666 0.02611328125 0.07615277777777778
1 0.3033046875 0.29889583333333336 0.023734375 0.07200694444444444
3 0.56545703125 0.5529236111111111 0.02779296875 0.09593055555555555
3 0.3808359375 0.19552777777777777 0.01725390625 0.06565277777777778
3 0.8071601562499999 0.11102777777777778 0.01945703125 0.057888888888888886
0 0.45276562499999995 0.7918611111111111 0.01378515625 0.02420138888888889