2 0.1338072916666667 0.5556203703703704 0.04371875 0.1293425925925926
2 0.5518125 0.47203703703703703 0.030875 0.11342592592592593
2 0.46638541666666666 0.520074074074074 0.027557291666666664 0.11775000000000001
2 0.8406197916666667 0.5294259259259259 0.0336875 0.1224537037037037
2 0.29355729166666666 0.4423425925925926 0.021234375000000003 0.1075925925925926
2 0.4746770833333333 0.650962962962963 0.028609375 0.1348148148148148
2 0.7394895833333333 0.4416203703703704 0.0275625 0.12071296296296297
2 0.6203958333333334 0.49840740740740735 0.036182291666666665 0.1139537037037037
2 0.5909739583333333 0.5001481481481481 0.03009375 0.11095370370370371
2 0.7050416666666667 0.4124166666666667 0.023432291666666667 0.11822222222222223
2 0.6273385416666667 0.4662222222222222 0.02140625 0.10873148148148148
2 0.5694947916666667 0.3632870370370371 0.02500520833333333 0.09559259259259259
2 0.6752916666666666 0.4060185185185185 0.0344375 0.09986111111111111
2 0.6580625 0.37244444444444447 0.028473958333333334 0.09709259259259259
2 0.5940677083333333 0.3597962962962963 0.026593750000000003 0.09301851851851851
2 0.5998697916666667 0.4785277777777777 0.030859375 0.10105555555555555
1 0.7426041666666666 0.39475925925925925 0.020328125 0.10687962962962963
3 0.22108333333333335 0.4576574074074074 0.016979166666666667 0.11397222222222222
0 0.23802083333333332 0.24176851851851852 0.008239583333333333 0.01721296296296296
2 0.25599479166666667 0.20871296296296296 0.029052083333333333 0.07398148148148148