2 0.39372395833333335 0.46214814814814814 0.039635416666666666 0.10164814814814815
2 0.6612708333333334 0.6021574074074074 0.03277083333333333 0.10657407407407407
2 0.6051354166666666 0.2934537037037037 0.0321875 0.09344444444444444
2 0.48981250000000004 0.7555092592592593 0.04302604166666667 0.13412037037037036
2 0.5651770833333334 0.471962962962963 0.037619791666666666 0.0952962962962963
2 0.5853385416666667 0.5890185185185185 0.03168229166666667 0.11972222222222223
2 0.5129270833333334 0.3506944444444444 0.022036458333333335 0.08980555555555556
2 0.24057291666666666 0.6949537037037037 0.030296875 0.1373611111111111
2 0.36538541666666663 0.2627685185185185 0.02335416666666667 0.09433333333333332
2 0.775125 0.5272777777777778 0.02459375 0.10823148148148148
2 0.10208333333333333 0.48265740740740737 0.030260416666666668 0.08876851851851852
2 0.6268125 0.35621296296296295 0.025770833333333333 0.10224074074074074
2 0.41799479166666664 0.22660185185185183 0.030953125 0.07970370370370371
2 0.042088541666666666 0.6744814814814816 0.034312499999999996 0.13621296296296298
3 0.21994270833333335 0.43267592592592596 0.030427083333333334 0.10580555555555556
0 0.638421875 0.6287407407407407 0.011104166666666667 0.021824074074074076
1 0.8108020833333334 0.1874074074074074 0.028203125 0.09071296296296297