2 0.9762265625 0.6420625 0.02276171875 0.10159027777777777
2 0.9104882812499999 0.6953263888888889 0.02410546875 0.09898611111111111
2 0.64374609375 0.5311388888888889 0.0218671875 0.08609027777777778
2 0.4902578125 0.6888611111111111 0.022640625 0.09795833333333334
2 0.467203125 0.7162361111111112 0.0248125 0.0906388888888889
2 0.45670312500000004 0.7688958333333333 0.031582031249999996 0.10820138888888889
2 0.344171875 0.5611111111111111 0.024285156250000002 0.07857638888888889
2 0.51522265625 0.5565902777777778 0.03155859375 0.08540972222222222
2 0.5235546875 0.4682222222222222 0.0225546875 0.08525
2 0.53006640625 0.3911527777777778 0.0266484375 0.07396527777777778
2 0.62705078125 0.3879236111111111 0.02083984375 0.0774375
2 0.5660390625 0.32919444444444446 0.01759765625 0.061173611111111116
2 0.42297265624999997 0.4153611111111111 0.024515625 0.07874305555555555
2 0.412015625 0.45738194444444447 0.01933984375 0.08340972222222222
2 0.40383593749999996 0.4812222222222223 0.01749609375 0.08546527777777778
1 0.30040625 0.45999305555555553 0.02157421875 0.08069444444444444
3 0.4274140625 0.3491458333333333 0.01554296875 0.0713125
3 0.5768984374999999 0.6256041666666666 0.027683593750000002 0.10041666666666667
3 0.7321796875000001 0.23775000000000002 0.0235078125 0.07073611111111111