2 0.3236614583333333 0.5184537037037037 0.03717708333333333 0.10987037037037037
2 0.5267239583333333 0.7409722222222223 0.044421875000000006 0.15242592592592594
1 0.49386979166666667 0.2625925925925926 0.05046354166666667 0.09597222222222222
2 0.6355052083333333 0.34335185185185185 0.02695833333333333 0.10212037037037038
2 0.9512239583333333 0.4543240740740741 0.0329375 0.11816666666666667
2 0.6237291666666667 0.501537037037037 0.03497395833333334 0.11539814814814814
2 0.7768125 0.3425092592592593 0.031760416666666666 0.09662962962962963
2 0.5986354166666668 0.6918148148148148 0.030130208333333335 0.12863888888888889
2 0.866796875 0.4418055555555555 0.022572916666666668 0.11121296296296296
2 0.74690625 0.306462962962963 0.021239583333333333 0.10039814814814815
2 0.4517447916666667 0.5561851851851851 0.02764583333333333 0.12948148148148148
2 0.07609375 0.9219537037037038 0.035671875 0.14830555555555555
2 0.13336979166666665 0.679712962962963 0.05088541666666667 0.13591666666666666
2 0.15111979166666664 0.694574074074074 0.030375 0.12489814814814813
3 0.9021510416666667 0.7035185185185184 0.02653125 0.13517592592592592
0 0.6191145833333334 0.16432407407407407 0.0069635416666666665 0.014601851851851852
0 0.12298437499999999 0.7066944444444445 0.0115625 0.017305555555555557
0 0.10343229166666666 0.404212962962963 0.01121875 0.018518518518518517