2 0.259609375 0.6382962962962964 0.03140625 0.15003703703703702
2 0.5258489583333333 0.6361018518518519 0.0333125 0.15563888888888888
2 0.127296875 0.3612777777777778 0.030177083333333334 0.11301851851851852
2 0.24008333333333332 0.4089907407407407 0.029833333333333333 0.09802777777777778
2 0.06106770833333333 0.32222222222222224 0.029249999999999998 0.09842592592592592
2 0.7319375 0.48268518518518516 0.03511979166666667 0.10391666666666667
2 0.84740625 0.5791944444444445 0.046572916666666665 0.1469537037037037
1 0.39973437500000003 0.32262962962962966 0.032817708333333334 0.10768518518518519
2 0.37287499999999996 0.4496574074074074 0.03513541666666666 0.09301851851851851
2 0.29715624999999996 0.3690462962962963 0.030255208333333335 0.09936111111111111
2 0.5889375 0.4221666666666667 0.04348958333333333 0.1022962962962963
2 0.3645520833333334 0.3941111111111111 0.029640624999999997 0.1034537037037037
3 0.27784895833333334 0.5303425925925925 0.02218229166666667 0.1526851851851852
2 0.562890625 0.4164907407407407 0.0255625 0.10884259259259259
0 0.8068697916666667 0.5903518518518519 0.014651041666666666 0.020370370370370372
2 0.020739583333333332 0.8241851851851852 0.033838541666666666 0.18306481481481482
2 0.28089062499999995 0.5405740740740741 0.036875 0.12129629629629629