2 0.6294375 0.58975 0.039135416666666666 0.12975925925925924
2 0.6211927083333334 0.4547314814814815 0.044119791666666665 0.10691666666666666
2 0.4687864583333334 0.46058333333333334 0.040984374999999997 0.10586111111111111
2 0.4805729166666667 0.3566574074074074 0.038125 0.10068518518518518
2 0.41832812500000005 0.34721296296296295 0.031286458333333336 0.09682407407407406
2 0.383671875 0.29498148148148146 0.033484375000000004 0.09338888888888888
2 0.268609375 0.28102777777777777 0.025119791666666665 0.09566666666666666
2 0.31486458333333334 0.47508333333333336 0.022333333333333334 0.12249074074074073
2 0.326703125 0.334 0.020557291666666665 0.10031481481481481
2 0.334203125 0.4021018518518518 0.027203124999999998 0.10619444444444444
0 0.5687447916666667 0.4264907407407407 0.008791666666666666 0.015379629629629629
1 0.5805052083333333 0.40346296296296297 0.039265625 0.08096296296296296
2 0.20143229166666668 0.4077222222222222 0.022187500000000002 0.11014814814814815
2 0.011307291666666667 0.4422685185185185 0.022614583333333334 0.11425925925925927