2 0.20621875 0.7665092592592593 0.04938541666666666 0.19121296296296295
2 0.12232291666666667 0.3254444444444445 0.03446354166666667 0.11997222222222222
2 0.23736458333333335 0.4382314814814815 0.034687499999999996 0.13882407407407407
2 0.6023697916666666 0.5699166666666666 0.038875 0.12546296296296297
2 0.06736979166666666 0.40208333333333335 0.035015625 0.13773148148148148
2 0.15526562500000002 0.3847685185185185 0.031234374999999998 0.14075
2 0.5287760416666667 0.6045092592592592 0.03491666666666667 0.13635185185185184
2 0.3294166666666667 0.4043703703703704 0.053848958333333335 0.12202777777777778
2 0.48232812500000005 0.37725000000000003 0.026255208333333332 0.1261574074074074
2 0.13923958333333333 0.46025925925925926 0.04038541666666667 0.08925925925925926
1 0.5069635416666667 0.3635740740740741 0.033499999999999995 0.13727777777777778