0 0.7238046875 0.4874583333333334 0.0089921875 0.02054861111111111
2 0.67723046875 0.5446875 0.02187109375 0.10128472222222222
2 0.8481406249999999 0.6659861111111111 0.024410156250000002 0.1139375
2 0.9761171875000001 0.43607638888888894 0.02449609375 0.09040277777777778
2 0.8301562499999999 0.20443055555555556 0.01522265625 0.06560416666666667
2 0.72716796875 0.4653194444444444 0.028921875000000003 0.06952083333333334
2 0.644703125 0.39073611111111106 0.02824609375 0.07512500000000001
2 0.61246484375 0.2449513888888889 0.022921875 0.07125694444444444
2 0.563125 0.1436736111111111 0.0202265625 0.06909722222222223
2 0.474578125 0.2232222222222222 0.016855468749999998 0.06549305555555555
2 0.56433984375 0.41209722222222217 0.01611328125 0.08411805555555556
2 0.53574609375 0.4440555555555556 0.022382812499999998 0.0766111111111111
2 0.5266171875000001 0.5699166666666666 0.02309765625 0.08626388888888889
2 0.4551796875 0.5978541666666667 0.0230859375 0.09451388888888888
2 0.26159765625000003 0.8847916666666666 0.02877734375 0.12077777777777778
2 0.25838671875 0.5826597222222222 0.02346875 0.09984027777777779
2 0.3601640625 0.39461111111111113 0.0223046875 0.07295138888888889
2 0.39966796875 0.35892361111111115 0.03101953125 0.07102777777777777
2 0.430859375 0.3408541666666667 0.0300234375 0.060673611111111116
3 0.34855859375 0.49562500000000004 0.027472656249999998 0.09443055555555555
3 0.13664062500000002 0.143625 0.0165859375 0.06105555555555556
3 0.59215625 0.0978125 0.01992578125 0.058722222222222224
1 0.05332421875 0.2907013888888889 0.018476562499999998 0.07544444444444444