2 0.457671875 0.8436944444444445 0.053453125 0.17351851851851852
2 0.28425 0.4894166666666667 0.034505208333333336 0.11507407407407408
2 0.6513697916666668 0.48778703703703696 0.037322916666666664 0.11877777777777777
2 0.5865885416666666 0.4901759259259259 0.027609375 0.11625925925925926
2 0.37967708333333333 0.31073148148148144 0.038015625 0.09066666666666667
2 0.32508333333333334 0.41479629629629633 0.032901041666666665 0.1212037037037037
2 0.45535937499999996 0.4023981481481481 0.028947916666666667 0.11472222222222223
2 0.01827604166666667 0.45681481481481484 0.036557291666666665 0.12994444444444445
1 0.759703125 0.32552777777777775 0.030697916666666665 0.09782407407407408
2 0.3007447916666666 0.386537037037037 0.033 0.11921296296296297
2 0.28205729166666665 0.2541296296296296 0.021635416666666667 0.07784259259259259
2 0.010572916666666666 0.3741666666666667 0.020432291666666665 0.10548148148148148
2 0.4202083333333333 0.3468703703703704 0.026354166666666668 0.09977777777777778
2 0.40165625 0.36826851851851855 0.038375000000000006 0.10308333333333333
0 0.3331822916666667 0.2938703703703704 0.010973958333333334 0.016925925925925928
2 0.5586770833333333 0.4049537037037037 0.031000000000000003 0.1106111111111111