2 0.411328125 0.49423148148148144 0.03644791666666667 0.1236851851851852
2 0.44646875 0.6496944444444444 0.034088541666666666 0.11973148148148148
2 0.5903229166666667 0.5716574074074074 0.050859375000000005 0.12179629629629629
2 0.55603125 0.47787962962962965 0.03139583333333333 0.09423148148148147
2 0.038182291666666666 0.5210462962962963 0.028880208333333334 0.12696296296296297
2 0.782109375 0.609212962962963 0.032671874999999996 0.12549074074074074
2 0.8916302083333334 0.6139537037037037 0.041958333333333334 0.12451851851851851
2 0.26402604166666666 0.2311203703703704 0.029901041666666666 0.09351851851851851
2 0.4385364583333333 0.3214166666666667 0.026885416666666665 0.1029074074074074
2 0.6597500000000001 0.4698240740740741 0.03424479166666667 0.1130462962962963
1 0.934015625 0.32905555555555555 0.040765625 0.10896296296296297
2 0.38738541666666665 0.365824074074074 0.03330729166666667 0.10183333333333333
2 0.21584895833333334 0.30921296296296297 0.021911458333333335 0.10279629629629629
2 0.6145572916666667 0.4179074074074074 0.026864583333333334 0.12392592592592593
2 0.29394270833333336 0.42177777777777775 0.025666666666666667 0.11781481481481482
0 0.69703125 0.6144537037037037 0.016364583333333335 0.02514814814814815
3 0.2236875 0.4056574074074074 0.03174479166666667 0.11156481481481481
2 0.18350520833333334 0.02 0.039609374999999995 0.03977777777777778
2 0.3285885416666667 0.6416944444444445 0.03411458333333333 0.13008333333333333