2 0.49023958333333334 0.5623055555555555 0.032328125 0.11999074074074075
2 0.6779322916666667 0.43907407407407406 0.03398958333333334 0.11178703703703705
2 0.5631406250000001 0.4853981481481482 0.03316145833333333 0.10748148148148148
2 0.5617656249999999 0.3828425925925926 0.028463541666666665 0.08646296296296296
2 0.49315625 0.4683981481481482 0.027255208333333333 0.09802777777777778
2 0.408765625 0.3215277777777778 0.027572916666666666 0.0785462962962963
2 0.4015 0.41205555555555556 0.030239583333333334 0.09216666666666667
2 0.30003124999999997 0.3182314814814815 0.024364583333333335 0.07440740740740741
2 0.6114583333333333 0.42975925925925923 0.031328125 0.10749074074074075
2 0.3499791666666667 0.3836759259259259 0.0314375 0.08773148148148148
2 0.360875 0.2977962962962963 0.031609375 0.07527777777777778
2 0.33513020833333335 0.39361111111111113 0.02530729166666667 0.08961111111111111
0 0.8277187500000001 0.36126851851851854 0.009286458333333332 0.014842592592592593
0 0.3036510416666667 0.35532407407407407 0.011416666666666667 0.017944444444444443
1 0.865671875 0.38802777777777775 0.017052083333333336 0.1086111111111111