2 0.503046875 0.7707777777777778 0.033177083333333336 0.1579537037037037
2 0.2125 0.47094444444444444 0.028614583333333332 0.12063888888888888
2 0.46134375 0.5309814814814815 0.027723958333333333 0.13297222222222224
2 0.30832291666666667 0.41035185185185186 0.03648958333333333 0.1252037037037037
2 0.407859375 0.4032777777777778 0.025583333333333333 0.11825925925925926
2 0.5301041666666666 0.45290740740740737 0.026630208333333336 0.12302777777777778
2 0.1598125 0.23126851851851854 0.025213541666666665 0.1022037037037037
2 0.37027604166666667 0.37717592592592597 0.028432291666666668 0.12462962962962962
2 0.39227604166666663 0.3551111111111111 0.025614583333333333 0.1135
1 0.5567916666666667 0.34974074074074074 0.023583333333333335 0.11771296296296296
2 0.4144322916666667 0.27599999999999997 0.022364583333333334 0.08834259259259258
2 0.5260520833333333 0.34299074074074076 0.013890625 0.10106481481481482
2 0.5831197916666666 0.3313055555555556 0.029463541666666666 0.10622222222222222
0 0.48839583333333336 0.33666666666666667 0.010802083333333332 0.018861111111111113
0 0.9348854166666667 0.4883240740740741 0.013015625 0.020796296296296295