2 0.37838541666666664 0.2971388888888889 0.025812500000000002 0.10885185185185185
2 0.14855729166666667 0.40035185185185185 0.028854166666666667 0.11864814814814814
2 0.648015625 0.652537037037037 0.03183854166666667 0.15975
2 0.3023020833333333 0.2667592592592593 0.026473958333333332 0.10712037037037037
2 0.17168229166666665 0.8543425925925926 0.03918229166666667 0.18500925925925926
2 0.3412864583333333 0.36410185185185184 0.025453125 0.11995370370370372
2 0.9546770833333333 0.6890462962962962 0.04171875 0.16849074074074075
2 0.7303229166666667 0.49590740740740746 0.027713541666666668 0.14034259259259257
2 0.4833072916666667 0.4017685185185185 0.027703125 0.12650925925925927
2 0.6642239583333333 0.5862592592592593 0.03244791666666667 0.15344444444444444
2 0.5737395833333333 0.5027222222222223 0.040749999999999995 0.12985185185185186
2 0.327984375 0.5201944444444444 0.03103125 0.14739814814814814
2 0.19605208333333335 0.6252685185185185 0.03950520833333333 0.1548240740740741
2 0.9797343749999999 0.45033333333333336 0.03152083333333334 0.14315740740740743
0 0.9147447916666667 0.4285277777777778 0.014260416666666666 0.023185185185185184
0 0.9619270833333334 0.44453703703703706 0.011135416666666667 0.01762962962962963