2 0.4921770833333333 0.6621481481481482 0.05041145833333334 0.12919444444444445
2 0.414203125 0.40435185185185185 0.04569270833333334 0.11037962962962962
2 0.3406458333333333 0.36437037037037034 0.04134375 0.10437962962962963
2 0.6156302083333334 0.5700000000000001 0.04369791666666667 0.10939814814814815
2 0.5035000000000001 0.42047222222222225 0.0439375 0.11850925925925926
0 0.5336822916666667 0.714787037037037 0.012765625000000001 0.025944444444444444
2 0.41331770833333337 0.601712962962963 0.047822916666666666 0.12721296296296294
2 0.33778125 0.48564814814814816 0.034395833333333334 0.11988888888888888
2 0.19599479166666667 0.297 0.027598958333333333 0.09286111111111112
2 0.31826562500000005 0.5264259259259259 0.033838541666666666 0.11333333333333334
2 0.16668229166666665 0.9365277777777778 0.057713541666666666 0.12033333333333333
0 0.6110208333333333 0.22133333333333333 0.014239583333333333 0.02639814814814815
2 0.22199479166666666 0.9812592592592593 0.04188541666666667 0.037453703703703704
1 0.8929895833333333 0.37342592592592594 0.03870833333333333 0.09460185185185185