2 0.08646875000000001 0.35221296296296295 0.031203124999999998 0.13752777777777778
2 0.48461458333333335 0.5280462962962963 0.03958333333333333 0.1590648148148148
2 0.15314062499999997 0.3221851851851852 0.031890625 0.1352962962962963
2 0.237828125 0.4175092592592593 0.034687499999999996 0.14706481481481481
2 0.04633333333333333 0.2806296296296296 0.03547395833333333 0.12560185185185185
1 0.6878541666666667 0.41712037037037036 0.03451041666666667 0.14453703703703702
2 0.4842708333333333 0.42853703703703705 0.02858854166666667 0.13153703703703704
2 0.5150677083333333 0.39632407407407405 0.03286979166666667 0.13837962962962963
2 0.8363697916666666 0.5432962962962963 0.034416666666666665 0.08257407407407408
0 0.22349479166666666 0.27308333333333334 0.010765625000000001 0.01848148148148148
2 0.9283072916666666 0.6889722222222222 0.048380208333333334 0.1864074074074074