3 0.4329921875 0.282875 0.01754296875 0.06852083333333334
3 0.60875 0.5759791666666666 0.034910156250000005 0.093625
3 0.8253867187499999 0.1902361111111111 0.01997265625 0.0665763888888889
1 0.3138515625 0.3933055555555556 0.02609375 0.07828472222222223
0 0.16082812500000002 0.6888194444444444 0.01072265625 0.01929861111111111
2 0.8972109375 0.9354166666666667 0.035046875 0.12916666666666668
2 0.9141210937500001 0.728125 0.037617187499999996 0.11180555555555556
2 0.8443945312500001 0.9099375 0.0372265625 0.1170902777777778
2 0.66687109375 0.597013888888889 0.02905078125 0.09125694444444445
2 0.68968359375 0.4855069444444444 0.0356171875 0.09299999999999999
2 0.7453046875 0.34080555555555553 0.03280078125 0.07327777777777778
2 0.5548437500000001 0.4092430555555555 0.03625390625 0.07681944444444445
2 0.51114453125 0.41006944444444443 0.0379140625 0.07489583333333333
2 0.38313671875 0.49972222222222223 0.0216328125 0.08834027777777777
2 0.24044921874999997 0.6569027777777778 0.03628515625 0.08602777777777777
2 0.17909765625000001 0.6625069444444445 0.04805078125 0.08334027777777778
2 0.564359375 0.49149305555555556 0.02402734375 0.07742361111111111