2 0.46696875000000004 0.3919351851851852 0.041229166666666664 0.11164814814814815
2 0.08250520833333333 0.31454629629629627 0.027505208333333333 0.11056481481481481
2 0.15957291666666668 0.5400370370370371 0.03894270833333333 0.15413888888888888
2 0.19045833333333334 0.4635648148148148 0.02949479166666667 0.1308425925925926
2 0.016145833333333335 0.8408055555555556 0.03229166666666667 0.17975
2 0.3241614583333333 0.6330092592592592 0.05040625 0.15491666666666667
2 0.40097916666666666 0.5902037037037037 0.042583333333333334 0.13596296296296298
2 0.6873958333333333 0.4993703703703704 0.04041145833333334 0.1191111111111111
2 0.5750520833333332 0.45638888888888884 0.04281770833333333 0.13500925925925927
2 0.6158541666666667 0.5033425925925926 0.04016145833333333 0.11964814814814814
2 0.5455156250000001 0.4223148148148148 0.07019791666666667 0.0612962962962963
2 0.39717708333333335 0.5317685185185185 0.036890624999999996 0.1209351851851852
0 0.601453125 0.3641666666666667 0.014369791666666666 0.02462037037037037
0 0.4824114583333333 0.3279444444444444 0.010651041666666666 0.018861111111111113
0 0.059041666666666666 0.15324074074074073 0.009572916666666665 0.017583333333333333
1 0.6320729166666667 0.49077777777777776 0.07440104166666667 0.05748148148148148