1 0.8144895833333333 0.30547222222222226 0.028973958333333334 0.09242592592592593
0 0.34855729166666666 0.6218703703703704 0.012260416666666666 0.023370370370370368
2 0.9136145833333333 0.8352037037037037 0.037640625 0.1667037037037037
2 0.7661145833333334 0.5509907407407408 0.042640625 0.11309259259259259
2 0.46039583333333334 0.4221944444444445 0.03746354166666667 0.10549074074074075
2 0.42284895833333336 0.34556481481481477 0.027994791666666668 0.09667592592592593
2 0.3984166666666667 0.5210092592592593 0.042666666666666665 0.11053703703703703
2 0.3314375 0.5771944444444445 0.031625 0.12661111111111112
2 0.39035416666666667 0.4143240740740741 0.030708333333333334 0.10457407407407407
2 0.304171875 0.43825000000000003 0.03646875 0.11930555555555555
2 0.38697916666666665 0.3383333333333333 0.029166666666666667 0.09518518518518518
2 0.18734895833333332 0.34223148148148147 0.028864583333333336 0.10299074074074074
2 0.3907864583333333 0.32492592592592595 0.031968750000000004 0.10539814814814814
2 0.2638697916666667 0.2791574074074074 0.013161458333333332 0.0935
2 0.2657447916666667 0.26972222222222225 0.02941145833333333 0.08277777777777778
2 0.12633333333333333 0.4340740740740741 0.030786458333333332 0.11704629629629629
2 0.09885416666666667 0.5431759259259259 0.033130208333333334 0.13080555555555556
2 0.01371875 0.26425925925925925 0.023598958333333333 0.09556481481481481
3 0.100125 0.41614814814814816 0.03045833333333333 0.10637962962962963