3 0.42157812499999997 0.4116388888888889 0.027526041666666667 0.10660185185185185
0 0.23760416666666667 0.3305648148148148 0.011671875 0.020388888888888887
2 0.46209375 0.6095555555555556 0.0491875 0.1357685185185185
2 0.07766145833333334 0.7634351851851852 0.03552604166666666 0.1620462962962963
2 0.07443229166666666 0.531037037037037 0.04261979166666666 0.12875
2 0.132140625 0.4172222222222222 0.030953125 0.11962962962962961
2 0.19433854166666667 0.3126111111111111 0.03138020833333333 0.09003703703703703
2 0.3166510416666667 0.2505925925925926 0.020802083333333332 0.08452777777777779
2 0.36609895833333334 0.26342592592592595 0.023864583333333335 0.08796296296296297
2 0.38234375000000004 0.3521296296296296 0.032192708333333334 0.09759259259259259
2 0.46836979166666665 0.3088518518518519 0.016942708333333334 0.09734259259259259
2 0.5472083333333334 0.34571296296296294 0.03602604166666667 0.10068518518518518
2 0.47096354166666665 0.3086851851851852 0.019203124999999998 0.08448148148148148
2 0.6395364583333334 0.35574999999999996 0.023270833333333334 0.08743518518518519
2 0.7580104166666667 0.4083425925925926 0.03372916666666667 0.10927777777777778
2 0.7973958333333333 0.44528703703703704 0.022916666666666665 0.11128703703703703
2 0.8138645833333332 0.43944444444444447 0.017057291666666665 0.10629629629629629
2 0.9924479166666667 0.5512870370370371 0.015104166666666667 0.12294444444444444
2 0.8880729166666667 0.46726851851851847 0.029062499999999998 0.11175925925925927
2 0.8630208333333333 0.4840277777777778 0.0224375 0.11341666666666667
2 0.861203125 0.4524166666666667 0.021906250000000002 0.11373148148148148