2 0.7487760416666667 0.7751111111111111 0.027755208333333333 0.14651851851851852
2 0.8667812500000001 0.8397129629629629 0.03361458333333334 0.1572962962962963
2 0.7431197916666666 0.5334351851851852 0.018963541666666663 0.11316666666666667
2 0.7229895833333334 0.5323148148148148 0.02246875 0.11462962962962962
2 0.46768750000000003 0.41582407407407407 0.021833333333333333 0.08906481481481482
2 0.3202291666666667 0.45139814814814816 0.017541666666666667 0.10130555555555555
2 0.380453125 0.3552592592592593 0.025552083333333333 0.08949074074074075
2 0.35722916666666665 0.34376851851851853 0.022791666666666665 0.08754629629629629
2 0.3409947916666667 0.34138888888888885 0.011151041666666667 0.08648148148148149
2 0.3321927083333333 0.33494444444444443 0.02168229166666667 0.08471296296296296
2 0.31202083333333336 0.32387037037037036 0.024046875000000002 0.08789814814814816
2 0.18375520833333334 0.3328055555555556 0.01646875 0.09339814814814815
2 0.15669270833333335 0.2812962962962963 0.01963541666666667 0.07926851851851852
2 0.24563020833333335 0.3250648148148148 0.019385416666666665 0.09087037037037037
2 0.29410416666666667 0.3301574074074074 0.02282291666666667 0.08252777777777777
2 0.2619270833333333 0.32799074074074075 0.0233125 0.08561111111111111
2 0.029114583333333333 0.43619444444444444 0.02278125 0.10016666666666667
2 0.29534374999999996 0.3208240740740741 0.0194375 0.08137962962962964
2 0.25581770833333334 0.31024074074074076 0.021848958333333335 0.08852777777777777
0 0.8379270833333333 0.7920925925925927 0.017520833333333333 0.03602777777777778
0 0.991203125 0.42633333333333334 0.012614583333333334 0.02673148148148148
0 0.33015104166666664 0.20963888888888887 0.009260416666666667 0.017425925925925925
1 0.5560416666666667 0.2910092592592593 0.022500000000000003 0.08387962962962964
3 0.1144375 0.3565648148148148 0.02158854166666667 0.09091666666666666