3 0.09505729166666667 0.34299074074074076 0.0243125 0.10881481481481481
0 0.4791302083333333 0.3877407407407407 0.009479166666666667 0.019296296296296298
1 0.7906510416666667 0.37792592592592594 0.040401041666666665 0.09226851851851853
2 0.47709375 0.7441944444444445 0.03839583333333333 0.15196296296296297
2 0.6438385416666667 0.4485925925925926 0.04115104166666667 0.11478703703703703
2 0.5778645833333333 0.44466666666666665 0.02899479166666667 0.1239074074074074
2 0.5226770833333333 0.3635 0.04188020833333333 0.1050925925925926
2 0.46607291666666667 0.4045 0.044125 0.12227777777777778
2 0.48655729166666667 0.3414166666666667 0.028026041666666668 0.11047222222222222
2 0.3564375 0.36180555555555555 0.031453125 0.11403703703703703
2 0.27584895833333334 0.40859259259259256 0.027395833333333335 0.11965740740740739
2 0.32571875 0.37025 0.032963541666666665 0.11443518518518518
2 0.31084375000000003 0.36239814814814814 0.03835416666666667 0.09156481481481482
2 0.11088541666666667 0.3114907407407408 0.043848958333333334 0.10540740740740741
2 0.011286458333333334 0.31030555555555556 0.022567708333333332 0.10933333333333334
2 0.312265625 0.5137222222222223 0.03945833333333334 0.12212037037037035