0 0.4581458333333333 0.2764814814814815 0.009770833333333334 0.01778703703703704
1 0.8182239583333334 0.37121296296296297 0.04269791666666667 0.11464814814814814
0 0.7542291666666666 0.29075 0.011588541666666667 0.027787037037037037
2 0.5832916666666667 0.46585185185185185 0.043666666666666666 0.12429629629629631
2 0.49509375 0.46975 0.04497916666666667 0.12467592592592593
2 0.5726041666666667 0.6398518518518518 0.054671875 0.13696296296296295
2 0.08136458333333334 0.4688703703703704 0.058562499999999997 0.11551851851851852
2 0.34732291666666665 0.3396296296296296 0.048817708333333334 0.09058333333333334
2 0.4410104166666667 0.28267592592592594 0.030979166666666665 0.08093518518518518
2 0.2783125 0.20650925925925925 0.019125 0.08587037037037036
2 0.250984375 0.21281481481481482 0.022802083333333334 0.08674074074074074