1 0.7285677083333333 0.3529351851851852 0.025885416666666668 0.0799537037037037
0 0.6692395833333333 0.29724999999999996 0.010411458333333333 0.018000000000000002
0 0.47001041666666665 0.5004166666666667 0.013604166666666667 0.02139814814814815
2 0.5335 0.4842592592592593 0.03366145833333333 0.08888888888888889
2 0.7947552083333334 0.6111574074074073 0.030130208333333335 0.12787962962962965
2 0.9010104166666667 0.7590925925925927 0.031182291666666664 0.14782407407407408
2 0.40409375000000003 0.610787037037037 0.039703125 0.11787037037037036
2 0.368125 0.5820185185185186 0.045625 0.1288425925925926
2 0.3467864583333334 0.5100925925925925 0.046703125 0.1201851851851852
2 0.4559947916666667 0.4589537037037037 0.042192708333333336 0.09568518518518519
2 0.40441145833333336 0.416787037037037 0.030697916666666665 0.10210185185185185
2 0.476296875 0.4157777777777778 0.03071875 0.09452777777777778
2 0.42212500000000003 0.4 0.03695833333333333 0.09628703703703703
2 0.2869427083333333 0.34478703703703706 0.029093749999999998 0.09512962962962962
2 0.25001562499999996 0.3370648148148148 0.030239583333333334 0.10189814814814814
2 0.17930208333333333 0.39962962962962967 0.034645833333333334 0.10667592592592592
2 0.029703125 0.624 0.031281250000000003 0.13874999999999998
3 0.09564062499999999 0.5167962962962963 0.029817708333333335 0.12249074074074073