2 0.7038854166666667 0.7564074074074074 0.052796875 0.17587037037037037
2 0.64209375 0.6631759259259259 0.03209895833333334 0.15228703703703703
2 0.6601510416666667 0.5367592592592593 0.04636979166666667 0.11537037037037036
2 0.6991979166666666 0.5337037037037037 0.051604166666666666 0.12480555555555554
2 0.5184114583333334 0.4859444444444445 0.038182291666666666 0.11699999999999999
2 0.43025520833333336 0.6633796296296297 0.03324479166666667 0.15657407407407406
2 0.43572916666666667 0.6000833333333334 0.034796875 0.1350185185185185
2 0.30293749999999997 0.40494444444444444 0.023296874999999998 0.11047222222222222
2 0.41259375 0.31304629629629627 0.033151041666666665 0.10349074074074073
2 0.35990104166666664 0.3114166666666667 0.035421875000000005 0.09505555555555555
2 0.3022916666666667 0.2755092592592593 0.024583333333333336 0.09712037037037037
2 0.18367187499999998 0.2804814814814815 0.023583333333333335 0.10199074074074074
2 0.17005208333333333 0.23237037037037037 0.022395833333333334 0.08697222222222223
1 0.5684791666666666 0.22049999999999997 0.021374999999999998 0.09419444444444444
3 0.1323645833333333 0.40069444444444446 0.019640625000000002 0.12305555555555556
0 0.726828125 0.8029814814814815 0.014052083333333333 0.023675925925925927