2 0.8313072916666666 0.789861111111111 0.03901041666666667 0.16121296296296297
2 0.2921197916666667 0.39843518518518517 0.02805208333333333 0.10790740740740741
2 0.665234375 0.5563796296296296 0.030677083333333334 0.12848148148148147
3 0.06630208333333333 0.5811851851851851 0.03459375 0.1295
1 0.6728645833333334 0.39310185185185187 0.03308333333333333 0.08937962962962963
2 0.241140625 0.37064814814814817 0.024963541666666665 0.1057962962962963
2 0.600671875 0.5324722222222222 0.06319791666666667 0.10087962962962964
2 0.23947395833333335 0.4663055555555556 0.027411458333333336 0.12043518518518517
2 0.37949479166666666 0.43898148148148153 0.027270833333333334 0.11222222222222222
2 0.144265625 0.44901851851851854 0.02940104166666667 0.1216388888888889
2 0.46972916666666664 0.5488148148148149 0.03516145833333333 0.11924074074074074
2 0.35696875 0.5108888888888888 0.02930729166666667 0.13192592592592592
2 0.43484375 0.5326851851851852 0.03753645833333333 0.08159259259259259
2 0.462578125 0.47905555555555557 0.023901041666666668 0.11066666666666666
0 0.6071197916666667 0.3294537037037037 0.010494791666666666 0.018990740740740742
2 0.464390625 0.5279444444444444 0.030885416666666665 0.12199074074074075
2 0.079453125 0.5315185185185185 0.047864583333333335 0.12292592592592591