2 0.3380885416666667 0.5287685185185186 0.025802083333333333 0.12271296296296297
2 0.36822916666666666 0.38587962962962963 0.029302083333333333 0.09749074074074075
2 0.820078125 0.5718518518518518 0.034171875 0.12188888888888888
2 0.048281250000000005 0.2664074074074074 0.026041666666666668 0.09203703703703704
2 0.9768854166666666 0.6838981481481482 0.038125 0.14166666666666666
2 0.061625 0.6776018518518518 0.03314583333333333 0.15167592592592594
2 0.4266510416666666 0.37695370370370374 0.023661458333333333 0.09425
2 0.13399999999999998 0.28140740740740744 0.022270833333333333 0.09450925925925925
2 0.39828125000000003 0.435462962962963 0.024578125 0.1029074074074074
2 0.5731979166666666 0.445462962962963 0.02728125 0.09971296296296296
2 0.5382760416666666 0.4607962962962963 0.030963541666666667 0.10478703703703704
2 0.46962499999999996 0.4076574074074074 0.033651041666666666 0.08616666666666667
3 0.10685416666666667 0.41491666666666666 0.026692708333333332 0.1082037037037037
2 0.15712500000000001 0.3706759259259259 0.026557291666666667 0.10376851851851851
1 0.9706354166666666 0.35609259259259257 0.027942708333333333 0.0939537037037037
2 0.3011041666666667 0.37353703703703706 0.03123958333333333 0.09632407407407408
2 0.19016145833333334 0.3620277777777778 0.019755208333333333 0.08927777777777778
2 0.6137343749999999 0.49611111111111106 0.02918229166666667 0.08659259259259258
2 0.5136875 0.41297222222222224 0.024432291666666665 0.10150925925925926
2 0.5127343750000001 0.38024074074074077 0.024281249999999997 0.09678703703703703
0 0.5257447916666667 0.5027962962962963 0.010942708333333334 0.019731481481481482