3 0.513171875 0.41108333333333336 0.025230468750000002 0.0920138888888889
3 0.504890625 0.08555555555555555 0.01982421875 0.06396527777777777
0 0.166703125 0.7878263888888889 0.01309765625 0.024069444444444442
2 0.18176171875 0.763548611111111 0.03651171875 0.11638194444444444
2 0.255328125 0.7197222222222223 0.05753125 0.09618055555555556
2 0.33263671875 0.49822222222222223 0.03804296875 0.09565277777777778
2 0.1955859375 0.4383680555555556 0.030683593749999998 0.0850625
2 0.30681640625 0.30768055555555557 0.02769140625 0.08559722222222223
2 0.3813515625 0.30819444444444444 0.02275 0.08066666666666666
2 0.5646953124999999 0.3629722222222222 0.02783203125 0.08705555555555555
2 0.5916953125 0.4822777777777778 0.026023437500000003 0.0875625
2 0.671546875 0.5316944444444445 0.02277734375 0.08918055555555554
2 0.7579374999999999 0.7599652777777777 0.02480078125 0.11120138888888889
2 0.81220703125 0.783048611111111 0.037363281250000005 0.10975
2 0.859421875 0.2988402777777778 0.021296875 0.08379166666666667
2 0.65972265625 0.16847222222222222 0.022570312500000002 0.07107638888888888
2 0.9593046875000001 0.1524375 0.0190546875 0.06876388888888889