2 0.549078125 0.8736111111111111 0.04196875 0.14749074074074073
1 0.308375 0.2338888888888889 0.030692708333333332 0.10143518518518518
2 0.6874322916666666 0.7097314814814815 0.051375 0.10600925925925926
2 0.6448125 0.5537685185185186 0.05115104166666666 0.11190740740740741
2 0.18205208333333334 0.40894444444444444 0.026875 0.11897222222222223
2 0.9113645833333333 0.6584907407407407 0.037598958333333335 0.12360185185185187
2 0.7727031249999999 0.7271388888888889 0.04647916666666666 0.1320462962962963
2 0.23266145833333332 0.3453611111111111 0.025864583333333333 0.11425
2 0.031411458333333336 0.29821296296296296 0.026114583333333333 0.11306481481481481
2 0.20047395833333334 0.3692592592592593 0.024484375 0.1172037037037037
2 0.014828125 0.612212962962963 0.02815625 0.12369444444444445
0 0.6121822916666667 0.8770833333333333 0.01766145833333333 0.02662037037037037
2 0.006276041666666667 0.9169537037037037 0.012546875 0.16608333333333333
2 0.07686458333333333 0.9305000000000001 0.041130208333333335 0.139