2 0.8648333333333333 0.8384722222222222 0.03349479166666667 0.15560185185185185
1 0.5567760416666666 0.2921018518518519 0.019458333333333334 0.07631481481481482
2 0.47040624999999997 0.4141018518518519 0.024932291666666665 0.0917037037037037
2 0.15814583333333332 0.2836296296296296 0.023755208333333333 0.07976851851851853
2 0.3230260416666667 0.45279629629629625 0.018609374999999997 0.09708333333333333
2 0.750859375 0.7586574074074074 0.03253645833333333 0.17545370370370372
2 0.3842083333333333 0.35568518518518516 0.024963541666666665 0.08618518518518518
3 0.11431770833333334 0.34262037037037035 0.02255208333333333 0.09207407407407407
2 0.24548958333333332 0.3280740740740741 0.026583333333333334 0.0899537037037037
2 0.2954322916666667 0.32439814814814816 0.019296874999999998 0.08274074074074074
2 0.744234375 0.5355 0.021223958333333334 0.10872222222222222
2 0.18601041666666665 0.33223148148148146 0.018052083333333333 0.0909537037037037
2 0.26259895833333335 0.33199074074074075 0.024213541666666668 0.08329629629629628
0 0.8379010416666667 0.7905740740740741 0.012010416666666666 0.023046296296296297
2 0.725265625 0.5370277777777778 0.024072916666666666 0.11406481481481481
2 0.358 0.3478148148148148 0.026151041666666666 0.07823148148148147
2 0.25665104166666663 0.30730555555555555 0.0201875 0.08361111111111111
2 0.31452604166666664 0.3257314814814815 0.028609375 0.08569444444444445
2 0.33522395833333335 0.33511111111111114 0.017927083333333333 0.08452777777777779
2 0.323875 0.3408148148148148 0.025807291666666666 0.08000925925925925
2 0.34265625 0.3416018518518519 0.015578125 0.08300925925925927
2 0.03254166666666666 0.4421111111111111 0.018197916666666664 0.09913888888888889