2 0.22417187500000002 0.668212962962963 0.03635416666666667 0.12992592592592592
2 0.3938802083333333 0.8370555555555556 0.039109375 0.15698148148148147
2 0.127328125 0.5508148148148148 0.031322916666666666 0.10837037037037038
2 0.676140625 0.4924166666666666 0.03494791666666666 0.08916666666666666
2 0.5357708333333334 0.6367314814814814 0.0275 0.12212037037037035
2 0.6181666666666668 0.5201759259259259 0.02853125 0.10352777777777777
2 0.354609375 0.4925092592592592 0.021666666666666667 0.09712037037037037
2 0.7166614583333334 0.511037037037037 0.030406250000000003 0.08819444444444445
2 0.028765625 0.43674074074074076 0.030973958333333333 0.09140740740740741
2 0.090234375 0.6103425925925926 0.027109374999999998 0.12674074074074074
1 0.7611354166666667 0.4305462962962963 0.03221875 0.0626388888888889
2 0.4209114583333333 0.6659999999999999 0.026739583333333334 0.1164074074074074
2 0.32179687500000004 0.40773148148148153 0.022348958333333332 0.07931481481481481
3 0.24505208333333334 0.5134351851851852 0.03824479166666667 0.10287962962962963
2 0.39727083333333335 0.6304166666666667 0.028744791666666665 0.11930555555555555
0 0.7546927083333334 0.5368240740740741 0.009713541666666665 0.016388888888888887
2 0.015010416666666667 0.3975 0.023223958333333336 0.07448148148148148
2 0.19426041666666669 0.38885185185185184 0.030145833333333334 0.07285185185185186