2 0.3206614583333333 0.4673796296296296 0.04615625 0.1453796296296296
2 0.38208333333333333 0.30594444444444446 0.026744791666666667 0.11724074074074074
2 0.06327083333333333 0.8418703703703704 0.05191666666666667 0.1690925925925926
2 0.7002604166666667 0.6642592592592592 0.03901041666666667 0.15603703703703706
2 0.3828958333333333 0.6827037037037037 0.03653125 0.16227777777777777
2 0.6203697916666666 0.49784259259259256 0.032630208333333334 0.14996296296296296
2 0.48394791666666664 0.42189814814814813 0.030671875 0.1413148148148148
2 0.7138541666666666 0.6068703703703703 0.03274479166666667 0.14085185185185187
3 0.03461979166666666 0.49410185185185185 0.031468750000000004 0.1481388888888889
2 0.48060416666666667 0.3394259259259259 0.03006770833333333 0.12737037037037038
1 0.7025416666666667 0.3201574074074074 0.050828125 0.10318518518518519
0 0.7049010416666667 0.23322222222222222 0.013390625 0.02
2 0.6348802083333334 0.638537037037037 0.035843749999999994 0.15882407407407406