2 0.4782083333333333 0.4152222222222222 0.02672916666666667 0.09123148148148148
2 0.176203125 0.2842037037037037 0.014125 0.07664814814814815
1 0.5575416666666667 0.29403703703703704 0.023838541666666668 0.07498148148148148
2 0.20909895833333333 0.34626851851851853 0.03109375 0.07726851851851853
2 0.3904479166666667 0.3590925925925926 0.025838541666666666 0.08548148148148148
2 0.04491666666666667 0.4476111111111111 0.024874999999999998 0.09867592592592592
2 0.32889583333333333 0.45325925925925925 0.018546875 0.09846296296296296
3 0.1204375 0.3358425925925926 0.022572916666666668 0.0874074074074074
2 0.7264947916666666 0.5371296296296296 0.023682291666666667 0.1112962962962963
2 0.774703125 0.7715092592592593 0.061510416666666665 0.13702777777777778
2 0.8107135416666666 0.8416018518518518 0.04053125 0.14159259259259258
2 0.36338020833333334 0.3538148148148148 0.027171875 0.07005555555555555
2 0.2606927083333333 0.31042592592592594 0.023588541666666667 0.07562962962962963
2 0.7468958333333333 0.5358148148148147 0.02059375 0.10847222222222223
2 0.3012135416666667 0.32584259259259263 0.024786458333333334 0.07724074074074075
2 0.23595312499999999 0.3373333333333333 0.03183854166666667 0.0772037037037037
2 0.3237447916666667 0.3328333333333333 0.02530729166666667 0.0879074074074074
0 0.842234375 0.7935648148148148 0.013473958333333334 0.026175925925925925
2 0.3389479166666666 0.332537037037037 0.030984375 0.0821851851851852
2 0.25125520833333337 0.33487962962962964 0.026208333333333333 0.07969444444444444
2 0.32703645833333334 0.35887037037037034 0.027567708333333333 0.06202777777777777
2 0.3604791666666667 0.3278055555555555 0.023895833333333335 0.07855555555555556