2 0.8173645833333333 0.5026944444444444 0.032739583333333336 0.13557407407407407
2 0.22665625 0.4726574074074074 0.028364583333333335 0.1246388888888889
2 0.8342552083333333 0.7129444444444445 0.03266145833333333 0.15766666666666668
1 0.9439114583333333 0.3460833333333333 0.023901041666666668 0.11537037037037036
2 0.5521354166666667 0.4678055555555556 0.02434375 0.11444444444444445
2 0.5515260416666667 0.8877962962962963 0.03770833333333334 0.1864814814814815
2 0.8785624999999999 0.5564629629629629 0.03467708333333333 0.13566666666666669
2 0.6780468749999999 0.5158703703703703 0.036723958333333334 0.12594444444444444
2 0.5590052083333333 0.5928981481481482 0.03284375 0.1345185185185185
2 0.5698697916666667 0.3844722222222222 0.04159895833333334 0.08830555555555555
2 0.9395677083333334 0.5693055555555556 0.032588541666666665 0.1426388888888889
2 0.208625 0.38766666666666666 0.034151041666666666 0.08659259259259258
2 0.04836979166666667 0.3006388888888889 0.032989583333333336 0.09568518518518519
2 0.49845833333333334 0.41574074074074074 0.026255208333333332 0.10883333333333334
2 0.7838854166666667 0.4544351851851852 0.027010416666666665 0.1305925925925926
2 0.312453125 0.3329722222222222 0.019166666666666665 0.0934074074074074
2 0.24909375 0.38658333333333333 0.026057291666666666 0.09576851851851853
3 0.331984375 0.5004722222222222 0.030385416666666668 0.1253425925925926
0 0.27358854166666663 0.4178425925925926 0.010812500000000001 0.02087037037037037
2 0.03109375 0.8696203703703704 0.04035416666666667 0.1931388888888889
2 0.5889479166666667 0.13258333333333333 0.013203125000000001 0.05187962962962963
2 0.7026875 0.911675925925926 0.03424479166666667 0.17664814814814814