2 0.6388437499999999 0.493537037037037 0.04583854166666667 0.13027777777777777
2 0.8647708333333333 0.5583888888888888 0.04506770833333333 0.15039814814814814
2 0.433734375 0.47032407407407406 0.03468229166666667 0.1200462962962963
2 0.13489062500000001 0.45322222222222225 0.041093750000000005 0.09912962962962964
2 0.7515364583333334 0.4885555555555555 0.03138020833333333 0.12894444444444444
2 0.6913229166666667 0.5811388888888889 0.04605729166666667 0.13842592592592592
3 0.2534635416666667 0.4502685185185185 0.02696875 0.12824074074074074
2 0.71484375 0.46746296296296297 0.04721875 0.12256481481481482
2 0.22694270833333335 0.46787962962962965 0.030104166666666664 0.12183333333333335
2 0.2195625 0.41321296296296295 0.03552604166666666 0.12263888888888888
2 0.6204166666666667 0.4022037037037037 0.03782291666666667 0.10287962962962963
2 0.3684791666666667 0.42312037037037037 0.03541145833333333 0.10488888888888889
2 0.6733854166666667 0.4227037037037037 0.037572916666666664 0.11966666666666667
2 0.34989062499999996 0.43400925925925926 0.027859375000000002 0.12386111111111112
2 0.8645260416666667 0.4121574074074074 0.029729166666666664 0.1139074074074074
2 0.706421875 0.5328611111111111 0.03311458333333333 0.12749074074074074
2 0.600796875 0.39855555555555555 0.022567708333333332 0.09372222222222222
1 0.9373958333333333 0.3990648148148148 0.031864583333333335 0.1139537037037037
0 0.23649479166666668 0.44919444444444445 0.009614583333333334 0.019314814814814816