2 0.5111927083333333 0.6042407407407407 0.026322916666666665 0.13075
2 0.446765625 0.4713333333333333 0.024744791666666665 0.11190740740740741
2 0.8510364583333333 0.5993981481481482 0.03578125 0.14082407407407407
2 0.14962499999999998 0.38399074074074074 0.022770833333333334 0.09822222222222222
2 0.04359895833333333 0.5760925925925926 0.027385416666666666 0.1305462962962963
2 0.237734375 0.48371296296296296 0.023885416666666666 0.11396296296296296
2 0.46356770833333333 0.37222222222222223 0.025755208333333335 0.09657407407407408
1 0.7811197916666667 0.409962962962963 0.02840625 0.10831481481481482
2 0.6974114583333333 0.5025092592592593 0.023869791666666664 0.1179074074074074
2 0.6573697916666668 0.4947592592592593 0.030984375 0.10637037037037037
3 0.10915104166666666 0.426962962962963 0.01865625 0.11511111111111111
2 0.5424427083333333 0.4341111111111111 0.013989583333333333 0.10223148148148148
2 0.48358854166666665 0.39442592592592596 0.00975 0.12474999999999999
2 0.5138854166666667 0.4130185185185185 0.015317708333333334 0.10491666666666667
0 0.6692395833333333 0.32489814814814816 0.01215625 0.019796296296296294
0 0.21285416666666668 0.45287037037037037 0.009473958333333334 0.016444444444444446
2 0.5058020833333333 0.40651851851851856 0.008770833333333334 0.10696296296296295
2 0.49871875 0.39525925925925925 0.010119791666666666 0.10660185185185185
2 0.4942604166666667 0.39364814814814814 0.01225 0.10382407407407407
2 0.48952083333333335 0.3882222222222222 0.011807291666666667 0.10517592592592592
2 0.5317604166666666 0.42483333333333334 0.013151041666666667 0.10426851851851852
2 0.52565625 0.4235648148148148 0.012130208333333333 0.09315740740740741
2 0.650453125 0.47430555555555554 0.021989583333333333 0.10785185185185185