2 0.5407447916666667 0.48133333333333334 0.031244791666666667 0.1167962962962963
2 0.33818229166666663 0.4948703703703704 0.029609375 0.13612037037037036
2 0.6832552083333333 0.5448611111111111 0.030338541666666666 0.11505555555555556
2 0.194109375 0.34611111111111115 0.02340625 0.10554629629629629
2 0.3439479166666667 0.33222222222222225 0.03253125 0.10053703703703704
2 0.7214479166666667 0.6344537037037037 0.03613020833333334 0.132
2 0.3032864583333333 0.41252777777777777 0.03280208333333333 0.10566666666666667
2 0.2180625 0.5522222222222222 0.03705208333333333 0.13575925925925927
2 0.2586510416666667 0.2958425925925926 0.024859375 0.08930555555555555
2 0.15988020833333336 0.48376851851851854 0.03424479166666667 0.11837037037037038
2 0.15416666666666667 0.26569444444444446 0.026614583333333334 0.09767592592592592
2 0.2560104166666667 0.35941666666666666 0.027567708333333333 0.10599074074074075
1 0.623671875 0.2771018518518518 0.023932291666666668 0.08682407407407407
2 0.47019791666666666 0.606287037037037 0.031796874999999995 0.12138888888888888
2 0.49999479166666666 0.5528425925925926 0.0300625 0.09916666666666667
2 0.44405208333333335 0.4257685185185185 0.02784375 0.11667592592592593
3 0.092875 0.41683333333333333 0.030765625 0.11547222222222221
2 0.42745833333333333 0.3983703703703704 0.027671875000000002 0.10256481481481482
0 0.47175520833333334 0.6519166666666667 0.012802083333333332 0.02112962962962963