2 0.6151354166666666 0.41324074074074074 0.03472916666666667 0.11248148148148149
2 0.66484375 0.6442962962962964 0.029807291666666666 0.14774074074074076
2 0.8038229166666666 0.6032592592592593 0.042520833333333334 0.1487962962962963
2 0.16438541666666667 0.5726018518518519 0.02890104166666667 0.13364814814814815
2 0.3167291666666667 0.3560833333333333 0.032109375 0.09363888888888888
2 0.520328125 0.7327777777777778 0.034354166666666665 0.1544074074074074
2 0.7595364583333333 0.7498333333333334 0.035994791666666665 0.15460185185185185
2 0.2863697916666667 0.685574074074074 0.03930729166666667 0.1487037037037037
2 0.8234791666666667 0.5392314814814815 0.03661458333333333 0.13357407407407407
3 0.17665104166666667 0.6993611111111111 0.03519791666666667 0.14637037037037037
2 0.48489583333333336 0.36112962962962963 0.027963541666666664 0.11568518518518518
2 0.27725000000000005 0.34594444444444444 0.027442708333333333 0.10186111111111111
2 0.7384166666666666 0.9727407407407407 0.042859375000000005 0.05450925925925926
0 0.2893177083333333 0.2955462962962963 0.008906250000000001 0.019675925925925927
2 0.9952760416666667 0.7798425925925926 0.008520833333333333 0.12475925925925926
2 0.6330156250000001 0.6890740740740741 0.03542708333333333 0.13464814814814813