2 0.23468750000000002 0.568787037037037 0.033052083333333336 0.1227962962962963
2 0.46117708333333335 0.3718796296296296 0.028479166666666667 0.09709259259259259
2 0.748859375 0.6301944444444445 0.032734375 0.12896296296296297
2 0.40696875 0.3070462962962963 0.027911458333333337 0.08922222222222222
2 0.31259895833333334 0.5484074074074073 0.029041666666666667 0.12113888888888891
2 0.2704166666666667 0.3640833333333333 0.027442708333333333 0.09528703703703703
2 0.668296875 0.4592962962962963 0.0256875 0.11558333333333333
2 0.4175625 0.4187685185185185 0.02704166666666667 0.11093518518518519
2 0.339078125 0.3189722222222222 0.025942708333333335 0.09192592592592592
2 0.543109375 0.37115740740740744 0.028140625 0.09670370370370371
2 0.3423072916666667 0.2852685185185185 0.030333333333333334 0.08702777777777777
3 0.036807291666666665 0.4000925925925926 0.03725 0.11275925925925925
0 0.342515625 0.31043518518518515 0.008531249999999999 0.013601851851851851
1 0.8171666666666667 0.34307407407407403 0.028093749999999997 0.10675000000000001