2 0.652078125 0.6728425925925926 0.03975520833333333 0.1434814814814815
2 0.36477604166666666 0.7106574074074073 0.04457291666666666 0.14477777777777778
2 0.38466666666666666 0.3602685185185185 0.027734375 0.08968518518518519
2 0.43430208333333337 0.5922592592592593 0.03690625 0.1253425925925926
2 0.12481249999999999 0.3523148148148148 0.026020833333333333 0.11157407407407408
2 0.6462395833333333 0.5461666666666667 0.032567708333333334 0.1202037037037037
2 0.34260416666666665 0.37497222222222226 0.028953125000000003 0.11225925925925925
2 0.3223697916666667 0.5667962962962962 0.029453125 0.12830555555555556
2 0.19040104166666666 0.3143796296296296 0.024026041666666668 0.09293518518518519
2 0.531203125 0.46335185185185185 0.03918229166666667 0.10682407407407409
1 0.5901666666666666 0.2853425925925926 0.029354166666666667 0.08141666666666668
2 0.26859895833333336 0.45687962962962964 0.04641666666666667 0.08965740740740741
2 0.20620312500000001 0.5319351851851852 0.03141666666666667 0.1311388888888889
2 0.16864583333333333 0.6180740740740741 0.031020833333333334 0.14596296296296296
2 0.4155833333333333 0.4661111111111111 0.03160416666666667 0.11823148148148148
2 0.6011614583333333 0.5330925925925926 0.03666666666666667 0.11430555555555556
3 0.077234375 0.4438796296296296 0.034328125 0.11544444444444445
0 0.6025833333333334 0.5605 0.011057291666666667 0.019203703703703702
2 0.06986458333333333 0.276287037037037 0.024307291666666668 0.10148148148148148