2 0.070265625 0.39604629629629634 0.03247916666666666 0.13986111111111113
2 0.11974479166666667 0.3176574074074074 0.03351041666666667 0.12101851851851851
2 0.30109375 0.3945925925925926 0.037598958333333335 0.1335648148148148
2 0.5170781249999999 0.5913796296296296 0.03695833333333333 0.15194444444444444
2 0.6243645833333333 0.5692962962962963 0.052234375000000006 0.1433888888888889
2 0.188015625 0.7591203703703704 0.041796875 0.1937222222222222
2 0.27145833333333336 0.4327222222222222 0.031390625 0.13698148148148148
2 0.14583854166666665 0.4504259259259259 0.044223958333333334 0.10377777777777777
2 0.15001562499999999 0.384462962962963 0.03116666666666667 0.13360185185185183
2 0.513078125 0.3814444444444444 0.04753645833333333 0.12696296296296297
1 0.49622916666666667 0.3650925925925926 0.032010416666666666 0.14112037037037037
0 0.2193854166666667 0.20359259259259258 0.009729166666666667 0.015398148148148147