2 0.47215625 0.5135833333333333 0.027619791666666667 0.13074074074074074
2 0.16426041666666666 0.48600925925925925 0.03659375 0.11770370370370371
2 0.3477395833333333 0.3962685185185185 0.0364375 0.11207407407407408
2 0.24436458333333333 0.4225555555555556 0.03374479166666667 0.1309537037037037
1 0.5502187500000001 0.3559722222222222 0.02715625 0.11595370370370371
2 0.5240781250000001 0.4626851851851852 0.02569270833333333 0.12256481481481482
2 0.511953125 0.7869537037037037 0.03429166666666667 0.15549074074074073
2 0.16624999999999998 0.23725000000000002 0.020765625 0.09966666666666667
2 0.48329687499999996 0.3501944444444444 0.0348125 0.10729629629629629
2 0.2885989583333333 0.3784074074074074 0.03655208333333334 0.12174074074074073
2 0.3374479166666667 0.34364814814814815 0.024 0.10590740740740741
0 0.9358385416666667 0.47740740740740745 0.014343749999999999 0.024675925925925924
2 0.40178125 0.2844166666666667 0.026020833333333333 0.07692592592592593
0 0.4934010416666667 0.32775000000000004 0.009421875 0.018212962962962966