2 0.62078515625 0.48874999999999996 0.0218203125 0.09456944444444446
2 0.566734375 0.37420138888888893 0.03170703125 0.08361111111111111
2 0.5397929687499999 0.33313194444444444 0.021546875 0.08095138888888888
2 0.64837109375 0.23652777777777778 0.0177265625 0.06829166666666667
2 0.74091796875 0.272 0.020398437499999998 0.07178472222222222
2 0.7581484374999999 0.5366319444444444 0.03191796875 0.091125
2 0.8743124999999999 0.41304166666666664 0.01983203125 0.08797916666666666
2 0.95692578125 0.2600208333333333 0.0206484375 0.071625
2 0.731375 0.22874305555555555 0.0286015625 0.06661805555555556
2 0.55330078125 0.687875 0.026242187500000003 0.10591666666666667
2 0.36810546875 0.5574097222222222 0.0275078125 0.09497916666666667
2 0.2826640625 0.47652777777777783 0.026261718750000003 0.08400694444444444
2 0.32073828125000003 0.47827083333333337 0.04102734375 0.08748611111111111
2 0.318453125 0.42268055555555556 0.03496875 0.07552083333333333
1 0.10750390624999999 0.4255138888888889 0.028296875 0.08911805555555556
3 0.27705859374999997 0.2650694444444444 0.02286328125 0.0638611111111111
3 0.55703125 0.5218194444444444 0.0325859375 0.09125694444444445
3 0.62822265625 0.19512500000000002 0.01810546875 0.06286805555555555
0 0.59010546875 0.22298611111111113 0.01837890625 0.01938888888888889