2 0.883984375 0.5876388888888888 0.032442708333333334 0.11252777777777778
2 0.8330729166666667 0.739712962962963 0.04741145833333334 0.13471296296296298
2 0.3182916666666667 0.4319722222222222 0.025171875 0.09800925925925925
2 0.39819791666666665 0.4668981481481482 0.026401041666666666 0.0961574074074074
2 0.14103125 0.4196574074074074 0.022421874999999997 0.09693518518518518
2 0.4322135416666667 0.8131111111111111 0.03816145833333333 0.14966666666666664
2 0.535984375 0.5128888888888888 0.028197916666666666 0.10206481481481482
2 0.44308333333333333 0.5660648148148149 0.03249479166666667 0.10630555555555556
2 0.26482291666666663 0.40598148148148144 0.0235 0.09512037037037037
2 0.7983645833333333 0.5777314814814816 0.028270833333333335 0.12342592592592594
3 0.3116510416666667 0.6234444444444445 0.030515625 0.12303703703703703
2 0.3089375 0.541537037037037 0.045484375 0.09687037037037037
0 0.526953125 0.3676203703703703 0.011343750000000001 0.017314814814814814
1 0.5968645833333334 0.4456759259259259 0.03902083333333333 0.06033333333333333
2 0.43459375 0.5586203703703703 0.029343750000000002 0.10087962962962964
2 0.31355208333333334 0.5408333333333334 0.0224375 0.1011574074074074
0 0.43564062499999995 0.5721388888888889 0.005921874999999999 0.01175925925925926