0 0.20159765625 0.7426805555555556 0.01145703125 0.02107638888888889
1 0.1606328125 0.3160486111111111 0.023277343750000002 0.07654166666666666
3 0.2783203125 0.20213888888888887 0.0186953125 0.06499305555555555
3 0.6783750000000001 0.4934583333333334 0.035324218750000004 0.09009027777777777
3 0.768078125 0.11987500000000001 0.0261171875 0.05920138888888889
2 0.234640625 0.7560902777777778 0.03848046875 0.10742361111111111
2 0.3513828125 0.7116666666666667 0.039816406250000005 0.09396527777777777
2 0.34666015625 0.49413888888888885 0.031492187500000005 0.0934375
2 0.46230078125 0.5318680555555555 0.032859375 0.0915138888888889
2 0.49954296875 0.3615138888888889 0.025875 0.08811111111111111
2 0.59537890625 0.3552013888888889 0.03004296875 0.07690277777777778
2 0.75232421875 0.4466875 0.02919921875 0.08980555555555556
2 0.82765234375 0.2382013888888889 0.0280703125 0.06569444444444444
2 0.72265234375 0.5569375 0.024546875000000003 0.09403472222222221
2 0.9036992187499999 0.6402569444444445 0.033960937499999996 0.10194444444444445
2 0.86325390625 0.8571458333333333 0.04509765625 0.11905555555555555
2 0.84541015625 0.9064305555555555 0.0435 0.13368055555555555