2 0.82583203125 0.7886458333333334 0.0235390625 0.110625
2 0.8321992187499999 0.5659375 0.0366328125 0.08465277777777779
2 0.84828515625 0.4592847222222222 0.030050781250000002 0.09079861111111111
2 0.9692070312500001 0.3719722222222222 0.030601562500000002 0.07433333333333333
2 0.7817070312500001 0.28677777777777774 0.019664062500000003 0.07077083333333332
2 0.71494140625 0.33597916666666666 0.021128906250000003 0.0711736111111111
2 0.5956015625 0.38269444444444445 0.025582031249999998 0.06260416666666667
2 0.51079296875 0.5937083333333334 0.02314453125 0.09202777777777779
2 0.665265625 0.44858333333333333 0.030628906249999997 0.07772222222222222
2 0.64327734375 0.4432916666666667 0.03396875 0.07318055555555555
0 0.6213398437500001 0.4751319444444445 0.012992187499999999 0.022479166666666665
3 0.3594765625 0.3249513888888889 0.020515625000000003 0.072125
3 0.80909765625 0.5196527777777777 0.0203359375 0.09208333333333332
3 0.75551171875 0.2615138888888889 0.01820703125 0.06731944444444445
1 0.20009375000000001 0.46704861111111107 0.03371875 0.08084722222222222