1 0.5226145833333333 0.22242592592592592 0.024390625 0.09300925925925926
0 0.4838177083333333 0.6881574074074075 0.018682291666666666 0.031870370370370375
2 0.4420364583333333 0.32072222222222224 0.036161458333333334 0.09885185185185186
2 0.38044791666666666 0.32618518518518513 0.029651041666666666 0.10237037037037038
2 0.2903645833333333 0.28296296296296297 0.025520833333333333 0.09925925925925926
2 0.14416145833333335 0.24025000000000002 0.029369791666666666 0.08918518518518517
2 0.14974479166666665 0.291787037037037 0.027593749999999997 0.10530555555555556
2 0.2960625 0.42334259259259255 0.03170833333333333 0.09667592592592593
2 0.5106145833333333 0.5241666666666667 0.035807291666666664 0.10204629629629629
2 0.39410416666666664 0.6102314814814814 0.04028645833333333 0.12971296296296297
2 0.5344427083333334 0.6937962962962962 0.035546875 0.1487037037037037
2 0.7019583333333334 0.7220648148148149 0.04661979166666667 0.15893518518518518
2 0.7461197916666666 0.7658240740740742 0.05915625 0.15387037037037038
2 0.7962916666666667 0.5862499999999999 0.03945833333333334 0.13546296296296298
2 0.8124791666666666 0.5786388888888888 0.053348958333333335 0.1260462962962963
3 0.10926562499999999 0.4078148148148148 0.031036458333333336 0.11933333333333333