2 0.052911458333333335 0.39943518518518517 0.02665625 0.11553703703703704
2 0.16879687499999999 0.34732407407407406 0.036557291666666665 0.10391666666666667
2 0.25957291666666665 0.4636574074074074 0.0389375 0.10508333333333333
2 0.2654739583333333 0.3177685185185185 0.037286458333333335 0.09110185185185185
2 0.6570572916666666 0.7130925925925926 0.051619791666666665 0.14471296296296296
2 0.5431458333333333 0.4605740740740741 0.03316145833333333 0.1100462962962963
2 0.4967083333333333 0.38889814814814816 0.033 0.08891666666666667
2 0.5762291666666666 0.429537037037037 0.041 0.11462037037037037
2 0.42357812499999997 0.4096111111111111 0.034656250000000006 0.10070370370370371
2 0.35926041666666664 0.39508333333333334 0.03934895833333333 0.09758333333333333
2 0.32846354166666664 0.3376388888888889 0.03296875 0.08638888888888889
2 0.32493229166666665 0.37237962962962967 0.04182291666666667 0.0984537037037037
2 0.32340104166666667 0.3928333333333333 0.03488541666666667 0.11441666666666667
0 0.25195833333333334 0.36006481481481484 0.011401041666666667 0.01997222222222222
1 0.579390625 0.3518981481481482 0.029734375 0.08266666666666667