2 0.30171875 0.5002592592592592 0.024265625000000002 0.11533333333333333
2 0.26671354166666666 0.4520925925925926 0.026135416666666668 0.10603703703703703
2 0.18435937500000002 0.5126666666666666 0.038510416666666665 0.11978703703703704
2 0.39255208333333336 0.4945092592592593 0.03405729166666667 0.12235185185185184
2 0.42006770833333335 0.46803703703703703 0.026526041666666667 0.09162037037037038
2 0.42040104166666664 0.5304722222222222 0.04044791666666667 0.09275925925925926
2 0.623671875 0.6440092592592592 0.048380208333333334 0.1287685185185185
2 0.4170416666666667 0.5036944444444444 0.03154166666666667 0.0833425925925926
2 0.6281822916666666 0.5811944444444445 0.05011979166666667 0.047574074074074074
2 0.6677760416666667 0.5346666666666667 0.03468229166666667 0.11007407407407407
2 0.6315781250000001 0.5236018518518518 0.03711458333333333 0.11200925925925925
0 0.4575208333333334 0.4858796296296296 0.014770833333333334 0.02362037037037037
3 0.028385416666666666 0.5238518518518518 0.042192708333333336 0.12732407407407406
1 0.7517447916666666 0.4962037037037037 0.03474479166666666 0.09982407407407408
2 0.40031770833333336 0.32013888888888886 0.012098958333333333 0.07917592592592593
2 0.4403020833333333 0.3201851851851852 0.013942708333333333 0.08295370370370371
2 0.4688177083333333 0.3264537037037037 0.014718750000000001 0.08069444444444444
2 0.5022395833333333 0.32612037037037034 0.009692708333333333 0.07938888888888888
2 0.51546875 0.3343055555555556 0.014895833333333334 0.07416666666666666
2 0.5060260416666666 0.33675 0.01303125 0.0716574074074074
2 0.516515625 0.3495092592592593 0.024265625000000002 0.08246296296296296
0 0.3316614583333333 0.34958333333333336 0.010203125 0.019546296296296294
0 0.040239583333333336 0.3753888888888889 0.009645833333333333 0.015583333333333331
0 0.8855729166666666 0.4615648148148148 0.009682291666666667 0.017574074074074075
0 0.8644114583333333 0.45382407407407405 0.007989583333333333 0.015055555555555556