2 0.11082291666666667 0.8943148148148148 0.07341666666666667 0.1768425925925926
2 0.613296875 0.5404074074074074 0.031453125 0.1291388888888889
2 0.22474479166666667 0.44860185185185186 0.029651041666666666 0.11789814814814814
2 0.330109375 0.6428148148148148 0.029364583333333336 0.14232407407407408
2 0.5360937499999999 0.4558148148148148 0.029984375 0.12036111111111111
3 0.03592708333333334 0.4428888888888889 0.04943229166666666 0.12624074074074074
2 0.23115104166666667 0.3357962962962963 0.028828125 0.09891666666666667
2 0.4044166666666667 0.41814814814814816 0.030697916666666665 0.1244537037037037
2 0.36105208333333333 0.3907685185185185 0.030208333333333334 0.11642592592592592
2 0.5899583333333334 0.4172037037037037 0.030260416666666668 0.11420370370370371
2 0.29882291666666666 0.5805555555555556 0.03625520833333333 0.13355555555555557
2 0.20542708333333334 0.5288240740740741 0.030739583333333334 0.13628703703703704
2 0.5076614583333333 0.45335185185185184 0.029260416666666667 0.11739814814814815
2 0.3225520833333333 0.3768518518518518 0.034354166666666665 0.10661111111111111
2 0.8841614583333333 0.7932314814814815 0.03656770833333333 0.16356481481481483
1 0.6590677083333334 0.3788148148148148 0.030875 0.10574074074074075
2 0.44728124999999996 0.4071944444444444 0.024874999999999998 0.12035185185185185
2 0.333484375 0.35118518518518516 0.025552083333333333 0.09558333333333334
2 0.435046875 0.3245092592592593 0.02071875 0.08018518518518518
2 0.8253125 0.9894814814814816 0.022786458333333332 0.021046296296296296