0 0.44571875 0.6169722222222223 0.016588541666666668 0.025953703703703705
2 0.7265625 0.6460370370370371 0.028765625 0.1394351851851852
2 0.6701302083333334 0.5404259259259259 0.031088541666666667 0.10256481481481482
2 0.548296875 0.5035925925925926 0.021708333333333333 0.11331481481481481
2 0.4931354166666667 0.569787037037037 0.05125520833333333 0.08224074074074074
2 0.45903645833333334 0.5769722222222222 0.025322916666666664 0.09401851851851853
2 0.49941145833333334 0.4470277777777778 0.02822916666666667 0.11778703703703704
2 0.45200520833333335 0.4137314814814815 0.025260416666666667 0.0940925925925926
2 0.37409375 0.4957685185185185 0.041828125 0.08775925925925926
2 0.21257812499999998 0.5682870370370371 0.019276041666666667 0.13577777777777778
2 0.1470625 0.5034259259259259 0.03648958333333333 0.1097962962962963
2 0.22475520833333332 0.3770833333333333 0.02764583333333333 0.09966666666666667
2 0.20971354166666664 0.29675 0.025583333333333333 0.08983333333333333
2 0.3589895833333333 0.4309722222222222 0.025255208333333334 0.08291666666666667
2 0.279421875 0.3966574074074074 0.017125 0.10791666666666666
2 0.2810833333333333 0.3275925925925926 0.02822916666666667 0.08579629629629629
2 0.37545833333333334 0.36287037037037034 0.025864583333333333 0.09480555555555556
1 0.6620260416666667 0.3080277777777778 0.023630208333333333 0.08267592592592593
3 0.10319791666666665 0.43574074074074076 0.023489583333333335 0.11234259259259259