2 0.32207291666666665 0.35395370370370366 0.026260416666666668 0.09389814814814815
3 0.25969270833333336 0.46381481481481485 0.02188020833333333 0.11535185185185184
2 0.03540104166666667 0.5283796296296296 0.03318229166666667 0.12371296296296297
2 0.4847916666666666 0.35059259259259257 0.024604166666666667 0.09619444444444444
2 0.4846822916666667 0.4751388888888889 0.029249999999999998 0.09657407407407408
2 0.3158697916666667 0.3077222222222222 0.024354166666666666 0.08382407407407408
2 0.5781302083333333 0.43398148148148147 0.038859375 0.10859259259259259
1 0.7299322916666667 0.28541666666666665 0.02413541666666667 0.0909537037037037
2 0.05759895833333333 0.4350185185185185 0.042567708333333336 0.10533333333333333
2 0.08028645833333334 0.32639814814814816 0.022145833333333333 0.08699074074074074
2 0.987984375 0.6120277777777778 0.02384375 0.11893518518518517
2 0.6203749999999999 0.4246388888888889 0.04228645833333333 0.0994537037037037
0 0.4070104166666667 0.6523240740740741 0.010994791666666667 0.021824074074074076
2 0.06513020833333333 0.7640462962962963 0.03745833333333334 0.16446296296296298
2 0.4375 0.6130833333333333 0.02840625 0.13358333333333333
2 0.5505625 0.5633611111111111 0.031046874999999998 0.11454629629629628
2 0.6832604166666666 0.7662129629629629 0.030348958333333335 0.16375
2 0.7343541666666666 0.8472407407407407 0.038781249999999996 0.17427777777777778
2 0.8093489583333333 0.7341481481481481 0.03347395833333333 0.14955555555555555
2 0.9508802083333333 0.6452777777777777 0.046651041666666664 0.13399074074074074