3 0.097953125 0.18061805555555555 0.02403125 0.0874236111111111
3 0.5033984375 0.028770833333333332 0.02333984375 0.057541666666666665
3 0.8326484375 0.36186805555555557 0.023558593750000002 0.10877777777777776
1 0.07980078125 0.4149583333333333 0.0424140625 0.1057013888888889
0 0.55720703125 0.3236388888888889 0.01173828125 0.018312500000000002
2 0.46101953125 0.23989583333333334 0.030296875 0.08892361111111112
2 0.56876953125 0.508 0.037089843750000004 0.11140277777777777
2 0.575890625 0.2859305555555556 0.0357109375 0.09368749999999999
2 0.6028515624999999 0.2854305555555555 0.03425 0.07879166666666666
2 0.54726953125 0.14045833333333332 0.019765625000000002 0.0884513888888889
2 0.58671875 0.057541666666666665 0.026023437500000003 0.0694513888888889
2 0.8149218749999999 0.26485416666666667 0.0405546875 0.09716666666666665
2 0.9175703125 0.41111805555555553 0.041609375 0.11985416666666666
2 0.8418046875 0.13020833333333334 0.029593750000000002 0.09176388888888888