2 0.6667187499999999 0.5067407407407407 0.03240625 0.13232407407407407
2 0.8313020833333333 0.7555740740740741 0.03831770833333333 0.1689537037037037
2 0.3677239583333333 0.4618333333333333 0.03193229166666667 0.11649999999999999
2 0.15218229166666666 0.4310833333333333 0.038036458333333335 0.10814814814814815
2 0.604484375 0.7519444444444444 0.03646354166666667 0.17160185185185187
2 0.6794010416666667 0.8597685185185184 0.038125 0.16000925925925927
2 0.5557083333333334 0.37507407407407406 0.03936979166666667 0.09212962962962963
2 0.6341927083333334 0.3668888888888889 0.023432291666666667 0.10170370370370371
1 0.8253125 0.2731203703703704 0.03186979166666667 0.08898148148148148
0 0.46361458333333333 0.3925925925925926 0.013098958333333332 0.023777777777777776
2 0.5340989583333333 0.35912962962962963 0.028552083333333332 0.0738425925925926
2 0.482921875 0.5918518518518519 0.048578125 0.12449074074074074