1 0.7147708333333332 0.36212037037037037 0.043958333333333335 0.09089814814814814
2 0.5926458333333334 0.4675740740740741 0.04453125 0.11537037037037036
2 0.27111979166666667 0.4424444444444444 0.042854166666666665 0.12539814814814815
2 0.45864583333333336 0.388037037037037 0.04451041666666666 0.10760185185185185
2 0.6108072916666667 0.5887314814814815 0.05861458333333334 0.12275
2 0.37627604166666667 0.6263796296296297 0.03415625 0.14638888888888887
2 0.256265625 0.29044444444444445 0.040296875 0.11021296296296297
2 0.38467708333333334 0.39575925925925926 0.032401041666666665 0.10208333333333333
2 0.6802552083333333 0.577824074074074 0.0466875 0.12755555555555556
2 0.39705208333333336 0.32587962962962963 0.03568229166666667 0.10811111111111112
3 0.03378125 0.4536759259259259 0.030510416666666665 0.13583333333333333
2 0.6897708333333333 0.6192777777777778 0.03894270833333333 0.1266574074074074
0 0.6479114583333333 0.49166666666666664 0.016473958333333334 0.03383333333333333