2 0.4707708333333333 0.4143981481481482 0.023536458333333333 0.09344444444444444
2 0.32583333333333336 0.4535740740740741 0.019776041666666667 0.09682407407407406
2 0.18947395833333333 0.3397037037037037 0.034151041666666666 0.08335185185185184
2 0.16709895833333333 0.2839537037037037 0.018385416666666664 0.07623148148148148
2 0.24426041666666667 0.3291481481481482 0.02969270833333333 0.08946296296296297
2 0.0390625 0.44958333333333333 0.024557291666666665 0.09893518518518518
2 0.38728645833333336 0.3598611111111111 0.027359375000000002 0.08053703703703705
2 0.2974583333333333 0.32469444444444445 0.02375 0.08035185185185185
2 0.726171875 0.5376018518518518 0.0275 0.11444444444444445
2 0.8414375 0.8416481481481481 0.06660416666666666 0.14666666666666667
2 0.25563541666666667 0.306787037037037 0.020432291666666665 0.07789814814814815
2 0.3329947916666667 0.3452222222222222 0.015729166666666666 0.07762962962962963
2 0.35896354166666666 0.3454537037037037 0.0275625 0.08294444444444445
2 0.7436458333333333 0.5366666666666667 0.025046875000000003 0.10912962962962963
1 0.5563177083333334 0.2868148148148148 0.016822916666666667 0.07427777777777778
2 0.31353125 0.3269722222222222 0.04116666666666667 0.08402777777777778
3 0.11683333333333333 0.338 0.021291666666666667 0.08914814814814814
2 0.7569791666666668 0.7630370370370371 0.03763541666666667 0.16412037037037036
2 0.25247916666666664 0.3343333333333333 0.022505208333333335 0.08049074074074075
2 0.364703125 0.33293518518518517 0.02959895833333333 0.05475925925925926
2 0.33918750000000003 0.33798148148148144 0.02432291666666667 0.07861111111111112