2 0.7203802083333334 0.6445462962962963 0.05714583333333333 0.1377685185185185
2 0.441484375 0.5776759259259259 0.03163020833333333 0.13278703703703704
2 0.6397239583333333 0.9220833333333334 0.06544270833333334 0.15582407407407406
2 0.3931927083333333 0.33062037037037034 0.028927083333333332 0.08361111111111111
2 0.7234114583333333 0.4932222222222222 0.028708333333333332 0.11308333333333333
2 0.68178125 0.4378611111111111 0.027171875 0.11466666666666667
2 0.072890625 0.5424166666666667 0.024885416666666667 0.12030555555555557
2 0.5143958333333333 0.3791481481481482 0.027088541666666667 0.09763888888888889
2 0.4067135416666667 0.43003703703703705 0.023385416666666665 0.11961111111111111
3 0.19892708333333334 0.4072777777777778 0.01883333333333333 0.1160462962962963
2 0.5823750000000001 0.40525925925925926 0.022229166666666668 0.11698148148148148
2 0.48840625 0.35867592592592595 0.042703124999999995 0.09977777777777778
2 0.6303489583333334 0.43242592592592594 0.020880208333333334 0.11069444444444444
2 0.55753125 0.36796296296296294 0.029671875 0.08078703703703703
2 0.3923229166666667 0.44762962962962966 0.024151041666666664 0.1074537037037037
2 0.6453541666666667 0.4235462962962963 0.027989583333333335 0.10658333333333334
1 0.7464166666666666 0.3753425925925926 0.02903125 0.07893518518518519
0 0.7483697916666666 0.4519722222222222 0.01946875 0.02684259259259259
2 0.5023333333333333 0.36175 0.022796875 0.08882407407407408
2 0.5825364583333333 0.3670925925925926 0.0268125 0.09109259259259259