1 0.6873541666666667 0.36636111111111114 0.030218750000000003 0.11732407407407407
2 0.39559374999999997 0.5174537037037037 0.05923958333333333 0.11437962962962964
2 0.7638645833333333 0.7602407407407407 0.038182291666666666 0.1636388888888889
2 0.281390625 0.3469259259259259 0.03530208333333333 0.11412962962962964
2 0.5295885416666667 0.5277129629629629 0.04252604166666667 0.16393518518518518
2 0.34893229166666667 0.4981203703703704 0.04348958333333333 0.12383333333333334
2 0.4476614583333333 0.4179537037037037 0.03671354166666666 0.10843518518518519
2 0.1899947916666667 0.480787037037037 0.0325 0.10899074074074074
2 0.31640625 0.3763703703703704 0.02764583333333333 0.11537037037037036
2 0.5869739583333333 0.4308888888888889 0.03921354166666667 0.11717592592592592
2 0.12165625000000001 0.5652407407407408 0.02921354166666667 0.13383333333333333
2 0.6594114583333333 0.517287037037037 0.027401041666666667 0.13157407407407407
2 0.08883333333333333 0.42753703703703705 0.036229166666666666 0.12210185185185185
2 0.6038489583333334 0.5176851851851852 0.049380208333333335 0.06533333333333334
0 0.6000989583333334 0.31477777777777777 0.007729166666666666 0.017527777777777778
3 0.09055208333333334 0.5617592592592593 0.023901041666666668 0.14203703703703704