2 0.91578125 0.580787037037037 0.03925 0.1403148148148148
2 0.9740104166666667 0.5912314814814814 0.03528645833333333 0.14569444444444443
2 0.7603229166666666 0.5069999999999999 0.03140625 0.13150925925925927
2 0.5593229166666667 0.3874722222222223 0.029046875000000003 0.09762962962962962
2 0.42911979166666664 0.4384444444444444 0.034953125 0.11226851851851852
2 0.30476041666666664 0.3762962962962963 0.027322916666666665 0.11057407407407407
2 0.5687760416666666 0.4785 0.0253125 0.11798148148148148
2 0.16270833333333332 0.367787037037037 0.01964583333333333 0.09506481481481481
2 0.6314114583333333 0.5474814814814815 0.029104166666666667 0.12610185185185185
2 0.3354375 0.32985185185185184 0.022234374999999997 0.09258333333333332
2 0.8742812499999999 0.7313518518518519 0.034416666666666665 0.16175
2 0.2546614583333333 0.4742777777777778 0.029578125 0.1237037037037037
2 0.7503437500000001 0.451212962962963 0.026786458333333332 0.11561111111111111
2 0.5415572916666667 0.6058888888888889 0.03066666666666667 0.14050925925925925
2 0.5708072916666667 0.11872222222222222 0.01365625 0.04759259259259259
0 0.18874479166666666 0.3590555555555555 0.013859375 0.022824074074074073
2 0.08810416666666666 0.8411759259259259 0.04552604166666666 0.1874074074074074
2 0.6366614583333334 0.887898148148148 0.038473958333333336 0.19161111111111112
2 0.7447135416666666 0.8866018518518518 0.03488541666666667 0.1929722222222222
1 0.9215364583333333 0.32363888888888886 0.021104166666666667 0.11360185185185186
3 0.348703125 0.5085833333333333 0.033578125 0.12323148148148148