2 0.36483984375 0.4764791666666667 0.02097265625 0.08193055555555556
2 0.27154296875 0.5247083333333333 0.02634765625 0.0771875
2 0.2869296875 0.6188888888888889 0.0381484375 0.08300694444444444
2 0.14566796875000002 0.746736111111111 0.033445312500000005 0.10457638888888889
2 0.1283203125 0.706388888888889 0.01891796875 0.08539583333333334
2 0.572921875 0.6768263888888889 0.032003906250000005 0.09175
2 0.545703125 0.6137638888888889 0.01662890625 0.08268055555555556
2 0.54133203125 0.5244097222222222 0.019046874999999998 0.07461805555555556
2 0.4467734375 0.39406944444444447 0.019664062500000003 0.06988194444444444
2 0.55336328125 0.28572916666666665 0.0185546875 0.06748611111111112
2 0.6769296875 0.4390625 0.0212734375 0.07454861111111111
3 0.5933359375 0.5102847222222222 0.02261328125 0.08009027777777777
2 0.60644140625 0.4836666666666667 0.0192578125 0.07843750000000001
2 0.98828125 0.4024166666666667 0.0234375 0.07665972222222223
2 0.19447265625000001 0.5140833333333333 0.0273359375 0.08174305555555555
0 0.36376171875 0.3823402777777778 0.0146640625 0.0189375
1 0.1972421875 0.2942916666666667 0.016140625 0.06874305555555556
3 0.23905859375 0.1837152777777778 0.014949218750000002 0.057902777777777775
3 0.60818359375 0.10849305555555555 0.013238281250000001 0.04834027777777778