0 0.68025390625 0.44455555555555554 0.0089453125 0.0200625
1 0.34045312499999997 0.4650138888888889 0.02242578125 0.07090277777777777
3 0.45912890624999997 0.34665972222222224 0.018578125 0.07029861111111112
3 0.76669140625 0.5288888888888889 0.0233359375 0.08754166666666667
3 0.8330703125 0.2728333333333333 0.0188203125 0.06551388888888889
2 0.49875781249999995 0.5338125 0.02541796875 0.08547916666666668
2 0.601078125 0.4393680555555556 0.03139453125 0.08508333333333333
2 0.7014140624999999 0.4630902777777778 0.034671875000000005 0.07499305555555555
2 0.7322890625 0.39590277777777777 0.027078124999999998 0.07554166666666667
2 0.68678515625 0.4205277777777777 0.028703125000000003 0.06327777777777778
2 0.749984375 0.7548819444444445 0.0356875 0.10896527777777777
2 0.81207421875 0.5792847222222222 0.03433203125 0.09309722222222222
2 0.81528125 0.46791666666666665 0.03241015625 0.08861805555555556
2 0.89658984375 0.3356388888888889 0.020859375 0.06809722222222223
2 0.9651484375000001 0.39063888888888887 0.02181640625 0.080875