2 0.8686406249999999 0.8425092592592592 0.032328125 0.15446296296296297
2 0.467640625 0.41526851851851854 0.022385416666666665 0.09062037037037038
2 0.7479791666666666 0.7743888888888889 0.026057291666666666 0.1424537037037037
2 0.153953125 0.2826388888888889 0.021515625 0.08123148148148149
1 0.5577864583333334 0.2913055555555556 0.0194375 0.07817592592592593
2 0.031703125 0.4399166666666667 0.019375 0.10171296296296296
2 0.3843020833333333 0.35498148148148145 0.024421875 0.08901851851851852
2 0.32358333333333333 0.4525 0.017703125 0.0985462962962963
2 0.18748958333333335 0.33288888888888885 0.017604166666666664 0.09251851851851851
3 0.11426041666666667 0.3496851851851852 0.023869791666666664 0.09046296296296297
2 0.7438697916666667 0.5342222222222223 0.020083333333333335 0.10929629629629631
2 0.30152604166666663 0.33997222222222223 0.0198125 0.07871296296296297
2 0.24913541666666666 0.3261111111111111 0.019010416666666665 0.09001851851851851
2 0.333046875 0.3349537037037037 0.015817708333333333 0.08783333333333333
2 0.723515625 0.5361944444444445 0.021984375 0.11418518518518518
0 0.8378020833333333 0.7922037037037037 0.011375 0.022425925925925926
2 0.357421875 0.3451296296296296 0.02354166666666667 0.0840462962962963
2 0.26397916666666665 0.33023148148148146 0.021906250000000002 0.08553703703703704
2 0.2950260416666667 0.32373148148148145 0.022234374999999997 0.08391666666666667
2 0.25773958333333336 0.31244444444444447 0.02077604166666667 0.0959074074074074
2 0.31359375 0.3249537037037037 0.024088541666666668 0.08621296296296296
0 0.3304010416666667 0.20760185185185187 0.007223958333333333 0.013583333333333333
2 0.34019791666666666 0.3426759259259259 0.011723958333333334 0.08436111111111111