2 0.52496875 0.7058055555555556 0.047484375 0.15568518518518518
2 0.691265625 0.5359444444444444 0.029614583333333333 0.12903703703703706
2 0.47538020833333333 0.4673796296296296 0.026973958333333332 0.1154074074074074
2 0.3466458333333333 0.38312037037037033 0.034791666666666665 0.10310185185185185
2 0.40406770833333333 0.5276851851851851 0.029359375 0.11953703703703702
2 0.6575364583333333 0.41283333333333333 0.02975 0.09317592592592593
1 0.5344739583333333 0.34075 0.023479166666666666 0.06397222222222222
2 0.06957291666666668 0.39964814814814814 0.035812500000000004 0.11324074074074074
2 0.3678854166666667 0.5196759259259259 0.02411458333333333 0.12192592592592594
2 0.9250624999999999 0.7004074074074075 0.03797916666666667 0.17243518518518516
2 0.6946718749999999 0.42612962962962964 0.03463541666666667 0.08788888888888889
2 0.42844270833333337 0.7418518518518519 0.034395833333333334 0.1575
2 0.009401041666666667 0.3260462962962963 0.018458333333333334 0.09315740740740741
3 0.12171875 0.4967685185185185 0.029979166666666668 0.11307407407407408
0 0.707015625 0.4535648148148148 0.011572916666666665 0.024981481481481483
2 0.30858854166666666 0.6752407407407407 0.0366875 0.15350925925925926