2 0.31963541666666667 0.5276851851851851 0.03594270833333334 0.12078703703703703
2 0.372984375 0.5156296296296297 0.04155208333333334 0.11773148148148149
2 0.6825 0.4524814814814815 0.03573958333333334 0.10482407407407407
2 0.4409739583333333 0.40309259259259256 0.03865104166666666 0.09487037037037037
2 0.0355 0.4543611111111111 0.029119791666666665 0.11382407407407408
2 0.4896510416666667 0.35441666666666666 0.037083333333333336 0.09513888888888888
2 0.7634843750000001 0.5940740740740741 0.0326875 0.1274814814814815
2 0.28177083333333336 0.36371296296296296 0.026932291666666667 0.11000925925925926
3 0.0630625 0.3698240740740741 0.025567708333333335 0.10877777777777778
2 0.35438020833333334 0.2982685185185185 0.031208333333333334 0.08819444444444445
2 0.43203125 0.3479351851851852 0.025395833333333333 0.09674999999999999
2 0.37056770833333336 0.3208703703703704 0.027848958333333333 0.08681481481481482
2 0.40625 0.3162685185185185 0.028286458333333334 0.08753703703703704
0 0.3523229166666667 0.33393518518518517 0.009380208333333334 0.015203703703703705
1 0.7719427083333333 0.34917592592592595 0.029244791666666665 0.10827777777777778