2 0.5786250000000001 0.8230092592592593 0.06294270833333333 0.17981481481481482
2 0.26471354166666666 0.6841851851851851 0.046510416666666665 0.15325
2 0.45940624999999996 0.5538148148148149 0.03446354166666667 0.14800925925925926
2 0.36859895833333334 0.8978703703703704 0.05043229166666666 0.17375000000000002
2 0.18508854166666666 0.2609537037037037 0.02745833333333333 0.11337962962962964
2 0.12280729166666667 0.538425925925926 0.04011458333333333 0.14453703703703702
2 0.22048437499999998 0.3669907407407408 0.023463541666666664 0.11786111111111111
2 0.4433802083333333 0.39069444444444446 0.029171875 0.1282314814814815
0 0.44597916666666665 0.2194537037037037 0.012713541666666666 0.022935185185185183
1 0.7050625 0.39105555555555555 0.031140624999999998 0.11103703703703705
2 0.5541354166666667 0.4088888888888889 0.03289583333333333 0.13884259259259257
2 0.511890625 0.3743888888888889 0.022484375 0.11619444444444443
3 0.009989583333333333 0.44615740740740745 0.019552083333333335 0.1367037037037037
2 0.5898385416666667 0.4535462962962963 0.027067708333333333 0.15976851851851853
2 0.6173385416666667 0.4733148148148148 0.04207291666666667 0.13989814814814816
2 0.6120104166666667 0.40044444444444444 0.027755208333333333 0.10587037037037038
2 0.4213125 0.3101203703703704 0.026817708333333336 0.10664814814814816
2 0.008348958333333333 0.4335555555555556 0.016703125 0.12783333333333333
2 0.42764062500000005 0.33811111111111114 0.023067708333333332 0.12016666666666667
2 0.5676354166666666 0.4698981481481482 0.0284375 0.1300277777777778
2 0.577703125 0.5037499999999999 0.034932291666666664 0.13641666666666669