2 0.35175 0.4351481481481481 0.030755208333333332 0.11907407407407407
2 0.23788020833333334 0.3924722222222222 0.038406249999999996 0.09418518518518518
2 0.6417291666666666 0.4592962962962963 0.028234375 0.11377777777777777
2 0.628 0.7515740740740741 0.042208333333333334 0.16770370370370372
2 0.747421875 0.757537037037037 0.037421875 0.1442314814814815
2 0.46146354166666664 0.5388611111111111 0.029531250000000002 0.13221296296296295
2 0.5156666666666667 0.379 0.033880208333333335 0.09561111111111112
2 0.5609375 0.40108333333333335 0.03472916666666667 0.09696296296296296
1 0.76884375 0.31696296296296295 0.031510416666666666 0.08753703703703704
2 0.5850624999999999 0.3797777777777778 0.03311979166666667 0.10792592592592593
0 0.3658645833333333 0.47218518518518515 0.010244791666666668 0.017925925925925925
2 0.8258229166666666 0.6827314814814816 0.03663541666666667 0.15288888888888888