2 0.47740625 0.4850092592592592 0.042416666666666665 0.12310185185185184
2 0.19628125000000002 0.3845462962962963 0.03511458333333333 0.11002777777777778
2 0.6473645833333334 0.7197777777777777 0.049234375000000004 0.1397037037037037
2 0.7111875 0.664611111111111 0.03694270833333334 0.1165462962962963
2 0.5343125000000001 0.6306944444444444 0.04497916666666667 0.11434259259259259
2 0.3078541666666667 0.24126851851851852 0.023140625 0.09306481481481482
2 0.392578125 0.2735277777777778 0.032880208333333334 0.09330555555555556
2 0.5253489583333333 0.3656481481481481 0.029901041666666666 0.10411111111111111
2 0.12641145833333334 0.7643240740740741 0.04064583333333334 0.1560462962962963
3 0.11553125 0.33375925925925926 0.030291666666666665 0.11072222222222222
2 0.090078125 0.22351851851851853 0.026140624999999997 0.09297222222222222
2 0.02899479166666667 0.3448148148148148 0.025708333333333333 0.11094444444444444
1 0.7906197916666666 0.23632407407407408 0.0284375 0.0943611111111111
2 0.03582291666666667 0.12666666666666668 0.023708333333333335 0.07751851851851851
0 0.6475416666666667 0.757787037037037 0.018442708333333332 0.02401851851851852
2 0.28086979166666665 0.28409259259259256 0.021635416666666667 0.08433333333333333