2 0.18194791666666665 0.24682407407407406 0.025020833333333332 0.09133333333333334
2 0.47671874999999997 0.572212962962963 0.027651041666666668 0.13266666666666665
2 0.628015625 0.5481851851851851 0.04346354166666667 0.10956481481481481
2 0.5113489583333333 0.4546296296296296 0.030026041666666666 0.11166666666666666
2 0.5540625 0.47070370370370374 0.03127083333333333 0.11514814814814815
2 0.699 0.6214814814814815 0.03602083333333333 0.1417037037037037
2 0.5451354166666668 0.9181203703703704 0.041453125 0.16375925925925927
2 0.413265625 0.4545 0.041312499999999995 0.10849074074074075
1 0.7176145833333333 0.38162962962962965 0.03294791666666667 0.09424074074074074
2 0.127609375 0.33624074074074073 0.02858854166666667 0.09939814814814814
2 0.5147968749999999 0.36119444444444443 0.043328125 0.09724074074074074
2 0.4656666666666667 0.35850925925925925 0.046859375 0.08689814814814814
2 0.34296875 0.3477037037037037 0.04089583333333333 0.09530555555555556
2 0.29294270833333336 0.3954166666666667 0.015166666666666667 0.09746296296296297
0 0.7213541666666666 0.3186203703703704 0.012572916666666666 0.021898148148148146
2 0.305546875 0.3852777777777778 0.03463541666666667 0.09791666666666667
0 0.4664895833333333 0.38308333333333333 0.010145833333333333 0.017435185185185182
2 0.27784375 0.39878703703703705 0.04471875 0.08049074074074075