2 0.033765625 0.8188796296296296 0.04697395833333333 0.19364814814814812
2 0.45980208333333333 0.5319999999999999 0.03239583333333333 0.1313240740740741
2 0.4053645833333333 0.5870833333333333 0.05363541666666667 0.13996296296296296
2 0.07008333333333333 0.42867592592592596 0.032609375 0.13133333333333333
2 0.305796875 0.35305555555555557 0.041338541666666666 0.11678703703703704
2 0.821375 0.7851574074074075 0.037744791666666666 0.1620462962962963
2 0.18279166666666666 0.6394814814814814 0.0445 0.1541574074074074
2 0.08795312500000001 0.34535185185185185 0.032302083333333335 0.12104629629629629
2 0.5513072916666667 0.6101296296296297 0.03596875 0.14128703703703704
2 0.330203125 0.594462962962963 0.037406249999999995 0.15950925925925927
2 0.5115833333333334 0.44616666666666666 0.02411458333333333 0.14885185185185185
2 0.6948020833333334 0.4863425925925926 0.028416666666666666 0.13762037037037037
2 0.43650520833333334 0.8485 0.0878125 0.17754629629629629
2 0.3916927083333333 0.4503055555555555 0.029296875 0.13168518518518518
2 0.5921302083333334 0.5188148148148148 0.03397395833333334 0.13225925925925927
3 0.06703125 0.5741111111111111 0.03054166666666667 0.15113888888888888
0 0.5375156249999999 0.2974722222222222 0.008020833333333333 0.01490740740740741
1 0.5870625 0.3939814814814815 0.03272916666666667 0.048212962962962964
0 0.5283333333333333 0.2889814814814815 0.011291666666666667 0.01834259259259259
2 0.5522708333333333 0.5759537037037037 0.03274479166666667 0.10466666666666667