2 0.5237760416666667 0.399537037037037 0.026765625 0.09060185185185185
2 0.164359375 0.4563148148148148 0.028239583333333332 0.11861111111111111
2 0.29471875000000003 0.5055277777777778 0.026296875 0.12326851851851851
2 0.375734375 0.4086944444444444 0.03071875 0.1087037037037037
2 0.593484375 0.47169444444444447 0.03675520833333333 0.11837962962962963
2 0.156953125 0.3144166666666667 0.02852604166666667 0.08503703703703704
2 0.5786041666666667 0.39041666666666663 0.0310625 0.09387962962962963
2 0.63009375 0.4220462962962963 0.025036458333333334 0.10798148148148148
2 0.7177708333333332 0.49094444444444446 0.027390625000000002 0.12873148148148147
2 0.6126979166666667 0.43619444444444444 0.025932291666666666 0.11217592592592593
1 0.7089114583333332 0.4138425925925926 0.01821875 0.10299074074074074
2 0.010536458333333333 0.2856944444444445 0.02090625 0.08602777777777777
3 0.030109375 0.4279814814814815 0.020765625 0.11363888888888889
2 0.5971197916666667 0.4115833333333333 0.018583333333333334 0.12078703703703703
2 0.22209375 0.2499537037037037 0.029619791666666666 0.0735462962962963
2 0.582984375 0.3783796296296296 0.0220625 0.08588888888888889
2 0.6057291666666667 0.46976851851851853 0.030739583333333334 0.11334259259259259
2 0.6062604166666666 0.42975925925925923 0.015291666666666667 0.08732407407407408
2 0.697390625 0.48586111111111113 0.035375000000000004 0.11867592592592592
2 0.7191562499999999 0.4390833333333333 0.03222916666666667 0.10800925925925926