2 0.6013802083333334 0.52525 0.03276041666666667 0.11296296296296296
2 0.47501041666666666 0.3797962962962963 0.03109375 0.09855555555555555
2 0.529203125 0.3528703703703704 0.023286458333333333 0.10723148148148148
2 0.628578125 0.4066296296296297 0.030906250000000003 0.10422222222222223
2 0.7755364583333333 0.6521296296296296 0.032125 0.12717592592592591
2 0.5871875000000001 0.6376759259259259 0.039796874999999995 0.10893518518518519
2 0.318859375 0.6498703703703704 0.035333333333333335 0.12473148148148148
2 0.37522916666666667 0.43439814814814814 0.026484375 0.11787962962962963
2 0.8234166666666667 0.6960925925925926 0.03257291666666667 0.13171296296296298
2 0.21272916666666666 0.18636111111111112 0.023088541666666667 0.08556481481481482
2 0.21544270833333332 0.38358333333333333 0.023755208333333333 0.11359259259259259
2 0.40769791666666666 0.287287037037037 0.018932291666666667 0.09308333333333334
0 0.36464583333333334 0.6835462962962963 0.013010416666666667 0.02336111111111111
3 0.23665624999999998 0.3762685185185185 0.021510416666666664 0.10893518518518519
2 0.19068229166666667 0.30934259259259256 0.03197395833333334 0.09289814814814815
2 0.19539583333333335 0.27728703703703705 0.01853125 0.10076851851851852
1 0.8766354166666667 0.29049074074074077 0.032026041666666664 0.10062037037037037