2 0.18209375 0.3998611111111111 0.04583854166666667 0.11336111111111112
2 0.4035364583333333 0.5816666666666667 0.03411979166666667 0.1434814814814815
2 0.6894166666666667 0.505712962962963 0.033130208333333334 0.1267037037037037
2 0.09870833333333334 0.8178796296296296 0.047276041666666664 0.17107407407407407
2 0.46555208333333337 0.4411851851851852 0.033078125 0.12157407407407408
2 0.7187395833333333 0.6105648148148148 0.032255208333333334 0.15201851851851853
2 0.37813020833333333 0.4259444444444444 0.038140625000000004 0.09202777777777778
2 0.1041875 0.5514537037037037 0.03577604166666667 0.15107407407407408
2 0.42909375 0.44202777777777774 0.029343750000000002 0.10906481481481482
0 0.19756770833333331 0.451212962962963 0.01165625 0.01824074074074074
3 0.09083854166666666 0.4963148148148148 0.03241666666666667 0.13683333333333333
1 0.7980416666666666 0.40474074074074073 0.034692708333333336 0.118