2 0.5604427083333333 0.717212962962963 0.029734375 0.1308425925925926
2 0.15327604166666667 0.7737962962962963 0.03773958333333333 0.1384351851851852
2 0.5639583333333333 0.5398055555555555 0.028604166666666667 0.10964814814814815
2 0.4863489583333333 0.44469444444444445 0.03760416666666667 0.10935185185185185
2 0.39265104166666664 0.39285185185185184 0.03901041666666667 0.09028703703703704
2 0.501828125 0.38926851851851857 0.030510416666666665 0.07984259259259259
2 0.42127083333333337 0.45973148148148146 0.027494791666666667 0.10811111111111112
3 0.03403125 0.42214814814814816 0.042354166666666665 0.11060185185185185
2 0.39316666666666666 0.47111111111111115 0.030927083333333334 0.10622222222222222
2 0.43625520833333337 0.35407407407407404 0.023979166666666666 0.09903703703703703
3 0.9829375 0.8564537037037038 0.03386979166666667 0.1433888888888889
2 0.7678697916666667 0.990361111111111 0.03814583333333333 0.018231481481481484
2 0.854984375 0.9803981481481481 0.025671875 0.03127777777777778
0 0.4169010416666667 0.4938518518518519 0.013020833333333334 0.020027777777777776
1 0.9271666666666667 0.32819444444444446 0.027421875 0.09725