3 0.68418359375 0.4567638888888889 0.030195312499999998 0.10599305555555555
3 0.08023828125 0.11609722222222223 0.02032421875 0.047562499999999994
2 0.37708984375 0.6068472222222222 0.036 0.10655555555555556
0 0.38270703125 0.6381041666666667 0.01318359375 0.026208333333333333
1 0.0487890625 0.29068055555555555 0.028378906250000002 0.09127777777777778
2 0.33791015625 0.5504791666666667 0.03854296875 0.07913194444444445
2 0.3338828125 0.3631875 0.038296875 0.09939583333333334
2 0.34786328125 0.20704861111111109 0.03166015625 0.08274305555555556
2 0.39469140625 0.16480555555555554 0.028226562500000003 0.0855625
2 0.40808984375 0.1580902777777778 0.018640625 0.08205555555555555
2 0.471421875 0.3270972222222222 0.03324609375 0.09070833333333334
2 0.538640625 0.3859583333333333 0.0348671875 0.09730555555555556
2 0.8130820312499999 0.6453958333333334 0.0408984375 0.10377083333333334
2 0.84471875 0.6921388888888889 0.059441406249999995 0.12365972222222221
2 0.64765234375 0.2521875 0.0397265625 0.09564583333333333
2 0.581796875 0.1438263888888889 0.02073828125 0.08923611111111111
2 0.57373828125 0.03323611111111111 0.02694140625 0.06646527777777778
2 0.73048046875 0.15234027777777778 0.02346484375 0.08047222222222222
2 0.81387890625 0.041666666666666664 0.019660156249999998 0.08333333333333333
2 0.9315234374999999 0.11263194444444444 0.021109375 0.08624305555555556