2 0.40793229166666667 0.3960648148148148 0.046671875 0.10925925925925926
1 0.7296510416666667 0.4096759259259259 0.038411458333333336 0.10137962962962963
2 0.7761093750000001 0.5277129629629629 0.04472916666666667 0.12564814814814815
2 0.17723958333333334 0.5565185185185185 0.040875 0.13062962962962965
2 0.48805729166666667 0.5819629629629629 0.030177083333333334 0.13911111111111113
2 0.5523177083333334 0.48813888888888896 0.04743229166666666 0.11925
2 0.15452604166666667 0.7402407407407408 0.03359375 0.1497962962962963
2 0.046177083333333334 0.7245092592592592 0.041088541666666666 0.16778703703703704
2 0.06968229166666666 0.2907314814814815 0.034083333333333334 0.10037037037037037
2 0.43346875 0.5066944444444444 0.04051041666666667 0.11977777777777779
2 0.37507291666666664 0.6083888888888889 0.03186979166666667 0.1461111111111111
2 0.15453645833333332 0.47086111111111106 0.033640625 0.12824074074074074
2 0.5312604166666667 0.4442037037037037 0.035453124999999995 0.1286574074074074
0 0.7618906249999999 0.561037037037037 0.013182291666666667 0.023148148148148147
2 0.31634375 0.37496296296296294 0.04552604166666666 0.10808333333333334