2 0.39750520833333336 0.34138888888888885 0.027630208333333333 0.11802777777777777
2 0.3486197916666667 0.2751574074074074 0.025171875 0.10043518518518518
2 0.6391770833333333 0.46653703703703703 0.0264375 0.12266666666666666
2 0.69028125 0.5981851851851852 0.034166666666666665 0.13723148148148148
2 0.808890625 0.8300925925925926 0.04055729166666667 0.17694444444444443
2 0.6910729166666666 0.454537037037037 0.03184895833333333 0.12647222222222224
2 0.17527604166666666 0.6497685185185185 0.03521875 0.14249074074074072
2 0.6417239583333333 0.24233333333333335 0.04115625 0.08208333333333334
2 0.07627604166666666 0.28331481481481485 0.026713541666666667 0.10263888888888888
2 0.23204687499999999 0.3050185185185185 0.024697916666666667 0.10719444444444444
2 0.671109375 0.6443148148148148 0.029854166666666668 0.15003703703703702
2 0.011145833333333332 0.37730555555555556 0.021671875 0.1271851851851852
0 0.6735729166666666 0.2686018518518518 0.011526041666666665 0.01746296296296296
2 0.6415624999999999 0.23227777777777778 0.02020833333333333 0.08232407407407408
2 0.06432291666666666 0.2568333333333333 0.02354166666666667 0.09030555555555556