2 0.3986041666666667 0.4748981481481481 0.036812500000000005 0.10671296296296297
2 0.5448125 0.4606759259259259 0.05030729166666667 0.10812962962962963
2 0.40940624999999997 0.6357407407407407 0.03721354166666667 0.1244537037037037
2 0.64709375 0.5337037037037037 0.035875 0.11098148148148149
2 0.3271614583333333 0.6693703703703703 0.028140625 0.13656481481481483
2 0.18749479166666666 0.5388148148148147 0.03575520833333334 0.12087962962962964
2 0.3113489583333333 0.5306574074074074 0.032067708333333333 0.10823148148148148
2 0.39390624999999996 0.38639814814814816 0.03559375 0.10405555555555555
2 0.32011979166666665 0.35000925925925924 0.029244791666666665 0.10153703703703704
2 0.25750520833333335 0.4567407407407407 0.036265624999999996 0.11866666666666667
2 0.14644270833333334 0.36012037037037037 0.02726041666666667 0.10699074074074073
2 0.6026822916666668 0.523212962962963 0.035270833333333335 0.10491666666666667
2 0.295734375 0.39537037037037037 0.021281249999999998 0.10926851851851853
1 0.736390625 0.360787037037037 0.027166666666666665 0.09630555555555556
3 0.20085937499999998 0.46039814814814817 0.031130208333333336 0.10881481481481481
0 0.5174583333333334 0.2944907407407408 0.013588541666666667 0.022231481481481484