2 0.4471015625 0.40613888888888894 0.0281328125 0.07220138888888888
2 0.30237890625 0.4987847222222222 0.02608984375 0.09229861111111111
2 0.35531250000000003 0.5386458333333333 0.0300625 0.09140277777777778
2 0.36835546875 0.44741666666666663 0.03003125 0.07340277777777778
2 0.562859375 0.6644861111111111 0.025273437500000002 0.09880555555555556
2 0.65895703125 0.492625 0.03252734375 0.09040277777777778
2 0.80347265625 0.5395069444444445 0.027703125000000002 0.09092361111111112
2 0.8974765625 0.41908333333333336 0.02151953125 0.07627083333333333
2 0.7695898437500001 0.29747222222222225 0.024667968749999998 0.06915277777777777
2 0.5667734375 0.3496875 0.02082421875 0.06842361111111112
2 0.59208984375 0.39356250000000004 0.0211796875 0.0768125
2 0.65850390625 0.2550972222222222 0.01790234375 0.06376388888888888
2 0.751015625 0.2422361111111111 0.01877734375 0.06190972222222223
2 0.9630000000000001 0.2912083333333333 0.01863671875 0.06455555555555555
3 0.59153125 0.521986111111111 0.026753906249999997 0.08960416666666667
3 0.658203125 0.20591666666666666 0.02287890625 0.05668055555555556
3 0.3266953125 0.2989513888888889 0.017234375 0.07409027777777778
1 0.1909140625 0.41536805555555556 0.02299609375 0.08470833333333333